VehicleNumber,Lines,Brigade,Time,Lon,Lat
1000,219,1,2024-02-19 21:09:03,21.156565,52.214011
1001,219,3,2024-02-19 21:09:09,21.1023353,52.2228626
1002,213,3,2024-02-19 21:09:11,21.136445,52.2300736
1003,219,2,2024-02-19 21:09:12,21.1680616,52.184327
1004,213,3,2024-02-19 21:08:54,21.115701,52.233881
1005,213,4,2024-02-19 21:09:09,21.1024171,52.2227465
1006,119,3,2024-02-19 21:09:07,21.116306,52.234896
1007,213,1,2024-02-19 21:09:14,21.2282336,52.1819421
10071,L-8,1,2024-02-19 21:09:12,21.1013918,52.4096789
10072,L31,1,2024-02-19 20:57:30,21.2322488,52.4986046
10073,L49,1,2024-02-19 21:09:12,20.9363766,52.3699695
10074,L24,696,2024-02-19 21:09:13,21.0295446,52.0748729
10075,L-8,02,2024-02-19 19:48:20,21.1389361,52.3829733
1008,311,502,2024-02-19 21:09:11,21.0734325,52.2544801
1009,213,2,2024-02-19 21:09:02,21.1887771,52.1499025
1010,225,501,2024-02-19 18:35:53,21.115666,52.234569
1011,213,2,2024-02-14 18:50:46,21.114953,52.234814
1012,213,5,2024-02-19 21:09:11,21.0914601,52.2225558
1013,196,03,2024-02-19 19:37:47,21.115614,52.234621
1014,225,503,2024-02-19 17:55:24,21.1158,52.234586
1020,339,02,2024-02-19 19:30:28,20.995867,52.187286
1021,192,1,2024-02-19 20:26:19,20.9953491,52.1882435
1022,107,3,2024-02-19 21:08:52,21.046164,52.200808
1023,239,777,2024-02-19 20:14:56,20.9952572,52.1882969
1024,192,5,2024-02-19 20:19:17,20.9959082,52.188427
1025,107,9,2024-02-19 21:09:13,20.9958252,52.1881192
1026,239,776,2024-02-19 19:56:19,20.99581,52.188465
1027,339,02,2024-02-19 11:29:18,20.9979427,52.1863401
1028,339,03,2024-02-19 19:36:26,20.995516,52.187969
1029,208,05,2024-02-19 19:57:05,20.996052,52.187378
1030,107,7,2024-02-19 21:09:09,20.977831,52.243992
1031,208,06,2024-02-19 20:27:04,20.995659,52.187969
1032,163,03,2024-02-19 19:05:06,20.995575,52.188076
1033,163,02,2024-02-19 20:21:36,20.9960154,52.1884869
1034,192,2,2024-02-19 13:09:19,20.997934,52.186306
1035,108,399,2024-02-19 21:09:10,21.023839,52.179771
1036,263,06,2024-02-19 20:19:42,20.995294,52.187803
1037,208,04,2024-02-19 14:27:48,20.995644,52.188469
1038,208,03,2024-02-19 19:22:29,20.9956769,52.1885176
1039,200,1,2024-02-19 19:11:20,20.99515,52.188183
1040,204,04,2024-02-19 19:15:05,21.045155,52.264531
1041,107,2,2024-02-15 07:45:40,21.046568,52.263918
1042,204,03,2024-02-19 18:21:02,21.046123,52.264646
1043,204,05,2024-02-19 20:58:48,21.044489,52.264903
1044,107,2,2024-02-19 21:09:11,21.085025,52.1933233
1045,107,4,2024-02-19 20:58:19,21.044274,52.265016
1046,107,8,2024-02-19 21:09:07,21.0109483,52.2315
1048,204,04,2024-02-19 15:44:09,21.04836,52.2641255
1049,204,06,2024-02-19 18:59:09,21.044583,52.264901
1050,208,591,2024-02-19 18:51:32,20.919551,52.19651
1051,228,1,2024-02-19 21:09:02,20.965221,52.195115
1052,228,2,2024-02-19 21:09:11,20.892898,52.200254
1053,191,591,2024-02-19 07:16:58,20.921379,52.196853
1054,228,3,2024-02-19 21:09:11,20.930115,52.214558
1055,207,1,2024-02-19 21:09:10,20.906426,52.190046
1056,207,4,2024-02-13 08:52:19,20.918528,52.196728
1057,208,591,2024-02-19 16:56:44,20.921473,52.196635
1058,207,3,2024-02-13 07:31:20,20.919635,52.1969033
1059,208,2,2024-02-19 21:09:06,20.9755267,52.2103867
1060,192,3,2024-02-19 20:14:06,20.995636,52.187965
1061,192,2,2024-02-19 19:57:30,20.995581,52.188011
1062,263,4,2024-02-19 21:09:12,21.0490401,52.1783104
1063,107,1,2024-02-19 21:09:13,21.0391827,52.2044026
1064,192,06,2024-02-19 19:07:39,20.9956682,52.188489
1065,108,5,2024-02-19 21:09:13,21.045235,52.177391
1066,108,3,2024-02-19 21:09:11,21.0234619,52.2284477
1067,209,776,2024-02-19 20:18:48,20.9955796,52.1881729
1068,163,02,2024-02-19 11:35:09,20.99666,52.187725
1069,107,6,2024-02-19 21:09:12,20.9794702,52.2445829
1070,108,2,2024-02-19 21:09:10,21.045527,52.216022
1071,108,1,2024-02-19 21:09:12,21.056835,52.182468
1072,108,4,2024-02-19 21:09:12,21.048819,52.212143
1073,339,01,2024-02-19 20:19:51,20.9958614,52.1885174
1074,200,2,2024-02-19 20:25:39,20.996025,52.188473
1075,163,01,2024-02-19 19:27:05,20.9955449,52.1882256
1076,164,05,2024-02-19 20:44:21,20.9960496,52.188497
1077,164,04,2024-02-19 20:04:01,20.995796,52.188469
1078,192,4,2024-02-19 20:42:23,20.9979547,52.1862777
1079,208,04,2024-02-19 21:09:13,20.943451,52.205654
1101,170,3,2024-02-19 21:09:11,21.080778,52.2775023
1102,118,1,2024-02-19 21:09:11,21.0204906,52.2237206
1106,170,2,2024-02-19 20:21:59,21.044686,52.2647471
1109,303,1,2024-02-19 18:38:10,21.045245,52.264673
1110,123,3,2024-02-19 16:38:04,21.0483463,52.2642493
1112,338,03,2024-02-19 18:26:55,21.0445595,52.2648338
1115,170,05,2024-02-19 21:09:07,21.054972,52.2626871
1117,126,3,2024-02-19 21:09:11,20.9603441,52.3166026
1118,338,04,2024-02-19 18:46:11,21.0453616,52.26444
1119,169,5,2024-02-19 21:09:01,21.041928,52.300145
11201,L27,1,2024-02-19 21:07:36,21.1804005,52.4219553
11202,L27,2,2024-02-19 19:43:34,21.1806196,52.4218286
1200,319,01,2024-02-19 19:29:20,20.995554,52.188099
1201,263,5,2024-02-19 21:09:11,21.0338549,52.1485277
1202,119,06,2024-02-19 20:57:28,20.997959,52.186108
1203,166,661,2024-02-19 21:09:12,21.0238827,52.2247714
1204,106,6,2024-02-19 21:09:13,20.9649644,52.2476957
1205,118,4,2024-02-19 21:09:13,20.995811,52.188297
1206,218,5,2024-02-19 21:09:08,20.988686,52.183964
1207,218,2,2024-02-19 21:09:12,21.013075,52.179779
1208,263,1,2024-02-19 21:09:12,21.0641149,52.1863344
1209,218,3,2024-02-19 21:09:12,21.0242754,52.1798689
1211,263,3,2024-02-19 21:09:12,21.085203,52.159275
1212,106,7,2024-02-19 20:52:08,20.997562,52.185761
1213,106,4,2024-02-19 21:09:12,21.006176,52.238083
1214,106,5,2024-02-19 18:17:09,20.9972977,52.1878244
1216,139,62,2024-02-19 21:09:12,21.1132394,52.106083
1217,251,65,2024-02-19 21:09:13,21.0265642,52.1785627
1218,166,6,2024-02-19 17:09:58,20.997972,52.186153
1219,106,1,2024-02-19 21:09:12,20.96957,52.229103
1220,106,2,2024-02-19 21:09:11,21.0224647,52.2365896
1221,251,64,2024-02-19 21:09:12,21.1230754,52.0895052
1222,263,2,2024-02-19 21:09:12,21.0821377,52.1581807
1223,218,1,2024-02-19 21:09:13,21.0247264,52.1908329
1224,739,014,2024-02-19 20:44:45,20.995253,52.188266
1400,123,3,2024-02-19 20:59:52,21.0422868,52.2660393
1401,178,012,2024-02-19 21:05:23,21.0477631,52.2640571
1411,319,02,2024-02-19 14:55:38,21.115343,52.23474
1412,115,6,2024-02-19 21:09:10,21.227476,52.172146
1413,183,6,2024-02-19 21:09:11,21.138191,52.243485
1414,183,4,2024-02-19 21:09:13,21.106764,52.241463
1415,147,2,2024-02-19 21:09:13,21.208494,52.210567
1416,173,5,2024-02-19 21:09:12,21.244112,52.249577
1417,507,214,2024-02-19 21:09:12,21.117735,52.2335071
1418,730,52,2024-02-19 21:09:10,21.09478,52.243855
1419,119,2,2024-02-19 21:09:12,21.105852,52.211018
1420,147,1,2024-02-19 21:09:12,21.111158,52.20681
1421,142,06,2024-02-19 19:17:53,21.117006,52.233055
1422,702,215,2024-02-19 15:39:47,21.115339,52.234817
1424,117,4,2024-02-19 21:09:13,21.0051095,52.2296059
1425,720,62,2024-02-19 21:09:13,21.1179329,52.2343142
1426,183,07,2024-02-19 21:09:09,21.177008,52.249496
1427,146,2,2024-02-19 21:09:08,21.102118,52.214149
1428,153,2,2024-02-19 21:09:12,21.164452,52.275444
1429,119,1,2024-02-19 21:09:09,21.205631,52.210075
1430,123,297,2024-02-19 21:09:13,21.08696,52.222855
1500,166,09,2024-02-19 20:54:09,21.045324,52.2649026
1501,240,2,2024-02-19 21:09:04,21.059119,52.3029311
1502,106,08,2024-02-19 19:08:11,21.0463228,52.2646118
1505,126,1,2024-02-19 21:09:09,21.008571,52.30456
1506,170,06,2024-02-19 21:09:11,21.0366253,52.2530685
1508,126,4,2024-02-19 21:09:08,20.9528311,52.3173163
1509,221,1,2024-02-19 21:09:05,20.9948533,52.2595796
1513,118,05,2024-02-19 19:26:13,21.045048,52.264646
1519,156,4,2024-02-19 21:09:07,21.0471896,52.26377
1520,115,4,2024-02-19 21:09:09,21.1561333,52.2399183
1521,319,04,2024-02-19 16:36:43,21.117223,52.232973
1522,142,08,2024-02-19 18:37:44,21.11711,52.233058
1523,115,2,2024-02-19 21:09:08,21.16682,52.242019
1524,153,04,2024-02-19 14:41:01,21.116075,52.234285
1525,153,1,2024-02-19 21:09:12,21.1568383,52.2637117
1526,183,1,2024-02-19 19:36:11,21.116756,52.233103
1527,119,4,2024-02-19 21:09:07,21.018531,52.212678
1528,147,5,2024-02-19 21:09:11,21.0529533,52.2505467
1529,702,2,2024-02-19 21:09:12,21.088715,52.2447783
1530,173,4,2024-02-19 21:09:05,21.218376,52.217041
1532,319,03,2024-02-19 19:56:21,20.997663,52.186413
1533,319,07,2024-02-19 21:09:12,20.996653,52.188148
1534,139,61,2024-02-19 21:09:05,21.0280383,52.17844
1535,218,4,2024-02-19 21:06:12,20.995273,52.188266
1536,169,1,2024-02-19 21:09:02,21.04224,52.2925733
1537,118,2,2024-02-19 21:09:05,21.020921,52.223539
1538,123,4,2024-02-19 21:09:02,21.084605,52.2526717
1539,123,09,2024-02-19 21:09:04,21.05208,52.2530133
1540,303,3,2024-02-19 18:05:29,21.045681,52.264333
1541,123,07,2024-02-19 15:07:11,21.046739,52.265031
1542,181,2,2024-02-19 21:09:03,20.9964317,52.2613833
1543,126,2,2024-02-19 21:09:09,21.0492867,52.2919367
1544,123,6,2024-02-19 21:09:09,21.10209,52.242403
1545,123,1,2024-02-19 19:23:35,21.099216,52.226481
1546,197,3,2024-02-19 21:09:05,20.9307083,52.2250867
1548,123,08,2024-02-19 12:13:26,21.044086,52.264969
1549,122,8,2024-02-19 21:08:59,20.90533,52.2282117
1550,178,012,2024-02-19 21:09:06,21.00279,52.2586117
1551,122,3,2024-02-19 21:09:08,20.976635,52.2899717
1552,170,4,2024-02-19 21:08:46,21.044176,52.265064
1553,166,343,2024-02-19 13:30:58,21.048179,52.264188
1554,169,3,2024-02-19 21:08:20,21.045235,52.264853
1555,107,5,2024-02-19 21:09:13,21.0167017,52.22994
1800,106,09,2024-02-19 19:57:00,21.0442048,52.2649851
1801,221,02,2024-02-19 19:35:40,21.0444076,52.2649945
1802,170,1,2024-02-19 21:09:11,21.0219883,52.2623616
1803,197,010,2024-02-19 21:09:09,20.9425183,52.226218
1804,166,5,2024-02-19 19:35:33,21.0443113,52.2649036
1805,204,07,2024-02-19 21:03:44,21.0436893,52.265199
1806,117,06,2024-02-19 13:02:50,21.0464266,52.2640891
1807,156,1,2024-02-19 21:09:08,21.015597,52.2937523
1808,173,6,2024-02-19 21:09:11,21.0997273,52.2428111
1809,303,2,2024-02-19 17:41:15,21.0456786,52.2644711
1810,166,4,2024-02-19 21:09:10,21.0234835,52.2263901
1811,166,7,2024-02-19 21:09:10,21.0667776,52.1302921
1812,181,4,2024-02-19 21:09:09,20.9000091,52.2971986
1813,118,3,2024-02-19 21:09:04,21.0195213,52.2460088
1814,338,01,2024-02-19 19:07:34,21.0448321,52.2646643
1815,117,06,2024-02-19 20:51:24,21.0455115,52.2654786
1816,123,2,2024-02-19 21:09:10,21.0513898,52.2525863
1817,181,3,2024-02-19 15:53:12,21.0482165,52.2640018
1818,240,1,2024-02-19 21:09:07,21.1139405,52.3337153
1819,166,8,2024-02-19 21:09:09,21.0448921,52.1561626
1830,117,2,2024-02-19 21:09:12,21.0416643,52.2359963
1833,212,06,2024-02-19 20:13:35,21.0464096,52.2645971
1835,117,3,2024-02-19 20:32:22,21.116551,52.233145
1838,146,3,2024-02-19 21:05:30,21.1157958,52.2333311
1839,338,05,2024-02-19 18:50:07,21.0447676,52.264728
1840,173,012,2024-02-19 20:15:57,21.11668,52.2330673
1842,173,3,2024-02-19 21:09:12,21.2176606,52.2143941
1843,173,5,2024-02-19 06:45:42,21.1144846,52.2344258
1844,122,6,2024-02-19 21:09:10,20.945317,52.2658381
1845,183,5,2024-02-19 21:09:04,21.1918373,52.238743
1846,736,2,2024-02-19 21:05:43,21.0464788,52.2647486
1848,147,3,2024-02-19 21:09:10,21.1508798,52.2013046
1849,119,5,2024-02-19 21:09:13,21.1333743,52.2101825
1851,173,9,2024-02-19 21:09:09,21.1293095,52.236278
1855,115,5,2024-02-19 20:17:10,21.117346,52.2335776
1856,181,1,2024-02-19 21:09:04,20.9862345,52.2693486
1857,730,01,2024-02-19 21:09:12,21.275477,52.1995441
1858,173,7,2024-02-19 21:09:02,21.0526368,52.2501935
1859,722,01,2024-02-19 20:29:18,21.1154745,52.2333453
1862,183,3,2024-02-19 21:09:06,21.1136381,52.2342193
1863,722,61,2024-02-19 19:14:35,21.1159535,52.2333918
1869,722,61,2024-02-19 21:09:04,21.243911,52.22303
1901,222,6,2024-02-19 21:08:54,21.024958,52.220391
1903,E-1,04,2024-02-15 10:23:09,20.997366,52.185998
1904,222,5,2024-02-19 13:20:39,20.995738,52.186088
1905,900,1,2024-02-15 09:50:34,20.995118,52.185748
1906,222,3,2024-02-19 21:09:11,21.016214,52.223284
1907,106,3,2024-02-19 21:09:12,21.0195312,52.2462774
1908,251,066,2024-02-19 11:53:01,20.995098,52.186041
1909,222,2,2024-02-19 21:09:12,21.0050356,52.2447602
1910,222,4,2024-02-19 21:09:13,20.9959039,52.1934365
1911,222,5,2024-02-19 21:09:12,20.995636,52.192677
1912,166,010,2024-02-19 19:48:13,20.995251,52.186796
1914,251,63,2024-02-19 21:09:10,21.110052,52.113049
1915,139,066,2024-02-19 21:09:09,20.995159,52.186913
1916,739,07,2024-02-19 20:40:10,20.995221,52.186708
1917,106,5,2024-02-19 21:09:08,20.965942,52.243118
1918,739,013,2024-02-19 19:50:46,20.995329,52.186799
1919,222,1,2024-02-19 21:09:09,20.99608,52.188026
1920,222,4,2024-02-19 16:09:22,20.9952249,52.1860662
1990,119,07,2024-02-19 19:35:08,20.9953635,52.1864704
1991,331,05,2024-02-19 20:19:49,20.995399,52.186291
1992,331,02,2024-02-19 19:25:20,20.995456,52.186438
1993,331,01,2024-02-19 19:40:05,20.99538,52.186223
1994,739,014,2024-02-19 16:51:25,20.995285,52.18639
1996,331,03,2024-02-19 20:26:05,20.9952434,52.1863114
1997,331,04,2024-02-19 21:09:12,20.995211,52.186317
1998,119,07,2024-02-19 13:58:08,20.9954082,52.1862825
2000,148,7,2024-02-19 21:09:13,20.9780979,52.1695352
2001,189,8,2024-02-19 21:09:12,21.019323,52.173397
2002,504,013,2024-02-19 20:22:39,20.997322,52.187565
2004,710,4,2024-02-19 21:09:13,21.0168479,52.0745699
2005,217,07,2024-02-19 19:08:27,20.9964877,52.1869232
2006,319,03,2024-02-08 11:45:23,20.9967542,52.1857972
2007,217,3,2024-02-19 21:09:13,21.0447024,52.1502296
2008,504,2,2024-02-19 12:13:04,20.9970315,52.1864016
2009,739,09,2024-02-19 13:24:54,20.9970527,52.1863477
2010,162,013,2024-02-19 19:36:30,20.995056,52.187557
2012,739,012,2024-02-19 12:32:59,20.9979577,52.1859899
2013,522,013,2024-02-19 18:57:32,20.9974487,52.1873824
2014,522,3,2024-02-19 21:09:11,21.05299,52.184244
2016,519,4,2024-02-19 21:09:13,21.0043351,52.2295474
2017,401,022,2024-02-19 19:41:03,20.997903,52.187615
20174,L50,2,2024-02-19 17:57:04,21.4027918,52.2015346
2018,709,7,2024-02-19 21:09:13,21.020721,52.17585
2019,166,012,2024-02-19 21:09:13,20.995522,52.187103
2020,308,01,2024-02-19 19:21:52,20.9951464,52.1876366
2021,501,1,2024-02-19 21:09:13,21.020885,52.209332
2022,189,9,2024-02-19 21:09:10,20.945635,52.192642
2023,189,5,2024-02-19 21:09:12,21.0688177,52.1813399
2024,709,012,2024-02-19 19:14:43,20.9963944,52.1876015
2025,504,6,2024-02-19 21:09:12,21.0502479,52.1366915
2026,709,2,2024-02-19 21:09:02,21.0240957,52.180026
2027,162,015,2024-02-19 20:07:01,20.996559,52.186411
2028,709,8,2024-02-19 20:13:01,20.9970571,52.1868041
2029,141,10,2024-02-19 21:09:13,20.959301,52.189716
2030,189,021,2024-02-19 20:47:45,20.997459,52.1869201
2031,189,027,2024-02-19 21:09:13,20.995655,52.187424
2032,709,014,2024-02-19 19:34:10,20.997485,52.187491
2033,189,1,2024-02-19 21:09:13,21.031103,52.173592
2034,162,014,2024-02-19 19:25:21,20.996679,52.187778
2036,522,012,2024-02-19 18:31:54,20.996939,52.187565
2037,189,14,2024-02-19 21:09:09,20.896893,52.232334
2038,174,07,2024-02-19 21:09:13,20.9972866,52.1877624
2039,742,1,2024-02-19 21:09:13,21.0757449,52.1327504
2040,401,030,2024-02-19 19:01:09,20.996561,52.186905
2041,402,8,2024-02-19 21:09:12,21.0437822,52.1744492
2042,401,022,2024-02-15 16:41:16,20.996571,52.187561
2044,522,269,2024-02-19 21:09:13,21.067596,52.170261
2045,401,029,2024-02-19 19:01:48,20.996596,52.187648
2046,193,06,2024-02-19 20:01:48,20.9972656,52.187804
2200,124,03,2024-02-19 19:08:43,20.921638,52.197213
2201,191,1,2024-02-19 21:09:13,20.8704067,52.1836594
2202,184,2,2024-02-19 21:09:13,20.940929,52.285191
2203,317,06,2024-02-19 20:47:33,20.919446,52.196654
2204,717,068,2024-02-15 14:07:32,20.922216,52.197108
2205,184,6,2024-02-19 17:58:49,20.920799,52.1965
2206,105,3,2024-02-19 21:09:12,20.89603,52.216824
2207,191,09,2024-02-19 12:09:40,20.9191735,52.1968304
2208,172,2,2024-02-19 21:09:12,20.9733311,52.2189707
2209,148,011,2024-02-19 21:09:11,20.9224354,52.1961869
2210,517,4,2024-02-19 21:09:13,21.0295304,52.2301439
2211,136,015,2024-02-19 17:28:17,20.922225,52.197124
2212,191,08,2024-02-19 19:04:23,20.920908,52.196531
2214,401,027,2024-02-19 19:47:50,20.92145,52.197288
2216,317,3,2024-02-19 21:09:12,21.071262,52.169018
2217,719,2,2024-02-19 21:09:13,20.913933,52.237415
2218,517,5,2024-02-19 21:09:13,21.0433286,52.2229566
2219,517,M10,2024-02-19 16:52:44,20.920716,52.196638
2220,184,7,2024-02-19 21:09:12,20.9457639,52.2393712
2221,172,5,2024-02-19 21:08:53,21.04811,52.178276
2222,517,011,2024-02-19 19:38:14,20.920968,52.196505
2223,105,013,2024-02-19 19:50:37,20.923078,52.196098
2224,401,026,2024-02-19 19:20:33,20.921451,52.196396
2225,187,5,2024-02-19 21:09:12,21.0481577,52.2080815
2226,401,7,2024-02-19 18:54:34,20.920866,52.196496
2227,191,09,2024-02-19 19:51:31,20.9211897,52.1964744
2228,401,7,2024-02-19 21:09:10,20.935806,52.194637
2229,716,01,2024-02-19 20:05:49,20.921476,52.196386
2230,523,714,2024-02-19 21:09:13,20.92129,52.1972407
2231,105,770,2024-02-19 15:12:04,20.920124,52.196674
2232,717,66,2024-02-19 21:09:11,20.836166,52.192883
2233,523,017,2024-02-16 17:00:10,20.920546,52.196556
2234,105,09,2024-02-19 20:03:49,20.921776,52.196358
2235,136,4,2024-02-19 21:09:09,20.922413,52.196186
2236,171,453,2024-02-19 21:09:04,21.043318,52.222893
2237,171,4,2024-02-15 00:59:59,20.92017,52.19669
2238,171,6,2024-02-19 21:09:12,20.9158864,52.2511749
2239,716,63,2024-02-19 21:09:09,20.828815,52.192928
2240,191,4,2024-02-19 21:09:12,20.984049,52.218201
2241,184,6,2024-02-19 16:39:15,20.920748,52.196496
2242,523,7,2024-02-19 21:09:12,20.8983589,52.2585285
2243,190,9,2024-02-19 21:09:13,20.9008179,52.2390529
2244,184,010,2024-02-19 19:53:57,20.921348,52.196415
2246,184,3,2024-02-19 21:09:12,20.9376682,52.2467999
2247,401,024,2024-02-19 20:04:30,20.922431,52.197086
2248,191,6,2024-02-19 21:09:09,20.9541616,52.2131179
2249,105,010,2024-02-19 19:07:33,20.920935,52.196531
2250,717,069,2024-02-19 20:20:46,20.921124,52.196483
2251,517,10,2024-02-19 21:09:09,20.8617204,52.190951
2252,184,6,2024-02-19 21:09:11,20.9666662,52.2180527
2253,713,1,2024-02-19 21:09:09,20.93042,52.225025
2254,188,013,2024-02-19 20:08:34,20.922525,52.197073
2255,401,5,2024-02-19 21:09:12,20.86792,52.194061
2256,177,09,2024-02-19 20:42:56,20.922931,52.196063
2257,136,015,2024-02-19 21:09:12,20.9825021,52.1948669
2258,187,12,2024-02-19 21:09:11,20.8877607,52.1948899
2259,187,7,2024-02-19 21:09:11,20.94202,52.205017
25181,L22,2,2024-02-19 21:09:10,21.2924733,52.1740696
25183,L20,1,2024-02-19 21:09:11,21.2630773,52.107765
25184,L22,2,2024-02-19 19:16:41,21.0781026,52.2679796
25185,L22,1,2024-02-19 18:39:45,21.4027165,52.2014425
25188,L51,1,2024-02-19 21:09:08,21.2352181,52.0987163
25189,L22,03,2024-02-19 17:55:17,21.2444601,52.0828768
3400,140,04,2024-02-19 19:50:16,21.048503,52.264645
3401,190,2,2024-02-19 21:09:10,21.0742886,52.2854745
3402,190,3,2024-02-19 21:09:12,21.0453416,52.2594605
3403,340,03,2024-02-19 18:57:25,21.0471951,52.2646691
3404,122,011,2024-02-19 21:09:07,21.046651,52.2650336
3405,738,4,2024-02-19 21:09:13,21.0982148,52.3145225
3406,190,5,2024-02-19 21:09:12,21.0856618,52.3035201
3407,500,5,2024-02-19 21:09:10,21.0422811,52.292388
3408,705,1,2024-02-19 21:07:46,21.0477741,52.2645075
3409,511,3,2024-02-19 21:09:04,20.975102,52.3171508
3410,112,6,2024-02-19 21:09:13,21.0560207,52.297726
3411,112,8,2024-02-19 21:09:07,20.9453381,52.2776508
3412,145,10,2024-02-19 21:09:10,21.048393,52.2643558
3413,162,3,2024-02-19 21:09:07,21.0463387,52.2636539
3414,190,018,2024-02-19 21:09:09,21.0024238,52.244758
3415,340,02,2024-02-19 18:39:36,21.046318,52.265073
3416,145,4,2024-02-19 21:09:09,21.0530453,52.2923445
3417,140,07,2024-02-19 20:22:42,21.0473321,52.2647551
3418,512,3,2024-02-19 21:09:08,21.0712981,52.2895825
3419,Z26,04,2024-02-19 18:20:35,21.0470561,52.264737
3420,Z26,3,2024-02-19 21:09:07,20.959343,52.232118
3421,705,07,2024-02-19 21:09:09,20.9675088,52.2716645
3422,162,2,2024-02-18 10:58:48,21.048532,52.2647508
3423,160,513,2024-02-19 19:32:59,21.0458399,52.2651433
3424,132,07,2024-02-19 19:55:45,21.0472758,52.2632961
3425,527,011,2024-02-19 19:15:29,21.043571,52.265393
3426,723,476,2024-02-19 21:09:09,20.9878968,52.3046781
3427,145,2,2024-02-19 21:09:08,21.0008056,52.2913983
3428,138,6,2024-02-19 21:09:10,21.0477058,52.2638193
3429,509,5,2024-02-19 21:09:10,21.1024375,52.2219373
3430,500,6,2024-02-19 21:09:10,21.0417058,52.3004754
3431,190,016,2024-02-19 20:35:39,21.0473398,52.2647466
3432,112,5,2024-02-19 21:09:11,21.0823155,52.3044773
3433,120,6,2024-02-19 21:09:12,21.06197,52.3616754
3434,160,514,2024-02-19 21:09:11,21.048433,52.294353
3435,140,3,2024-02-19 21:09:09,21.0811508,52.2940691
3436,731,477,2024-02-19 21:09:11,20.9249273,52.3919586
3437,140,2,2024-02-19 21:09:09,21.0643195,52.2732113
3438,500,6,2024-02-19 20:58:17,21.0477751,52.2647018
3439,723,475,2024-02-19 21:09:13,20.9437566,52.3447915
3440,517,013,2024-02-19 13:05:10,21.047564,52.264299
3441,190,12,2024-02-19 21:09:12,21.0467673,52.264499
3442,414,09,2024-02-19 21:09:08,21.0047753,52.2908526
3443,527,010,2024-02-19 19:42:19,21.047811,52.2645415
3444,723,474,2024-02-19 21:09:10,21.0222615,52.2639006
3445,240,04,2024-02-19 19:29:57,21.0477188,52.2645305
3446,500,6,2024-02-19 09:14:59,21.0475738,52.2645696
3447,509,020,2024-02-19 19:56:52,21.047778,52.264695
3448,160,516,2024-02-19 17:29:07,21.0460183,52.264761
3449,511,06,2024-02-19 18:08:03,21.0471091,52.264708
3450,132,3,2024-02-19 21:09:11,20.968654,52.2719833
3451,245,3,2024-02-19 21:09:07,21.0418123,52.3004476
3452,511,4,2024-02-19 21:09:12,20.9281673,52.2912208
3453,731,732,2024-02-19 20:25:03,21.0474493,52.2647588
3454,509,2,2024-02-19 21:09:11,21.029103,52.2565396
3455,723,01,2024-02-19 18:16:07,21.0456451,52.2644091
3456,120,09,2024-02-19 19:53:44,21.0470788,52.2648468
3457,509,4,2024-02-19 21:09:07,21.0935986,52.2261109
3458,102,09,2024-02-19 19:55:54,21.0472773,52.2635533
3459,145,8,2024-02-19 20:10:20,21.047211,52.264893
3460,509,3,2024-02-19 12:22:42,21.0483485,52.2642795
3461,735,63,2024-02-19 21:09:11,20.9680995,52.2718803
3462,112,1,2024-02-19 21:09:10,20.9356433,52.2734741
3463,116,431,2024-02-19 21:09:10,21.0839493,52.1680493
3464,500,7,2024-02-19 21:09:08,21.0423545,52.296352
3465,132,07,2024-02-17 00:59:37,21.0437506,52.2655878
3466,509,1,2024-02-19 21:09:10,20.9943568,52.2986941
3467,190,015,2024-02-19 19:59:05,21.0457618,52.26516
3468,340,01,2024-02-19 18:39:52,21.0468651,52.2647271
3469,517,012,2024-02-19 09:20:08,21.0462866,52.265096
35131,L-5,1,2024-02-19 21:09:12,21.0054093,52.0533851
35132,L-5,2,2024-02-19 21:09:13,20.899204,52.0559858
35133,L-2,683,2024-02-19 20:17:30,20.9353798,51.9937171
35134,L13,689,2024-02-18 20:20:47,21.0353768,52.0834745
35135,L25,02,2024-02-19 21:09:11,21.1995955,51.9836263
35136,L25,1,2024-02-19 21:08:20,21.0458726,52.059407
35137,L12,683,2024-02-19 20:18:34,21.0351385,52.0833236
35138,L13,688,2024-02-18 00:05:53,21.0346806,52.0832128
35139,L-2,684,2024-02-19 21:06:34,21.0345778,52.083211
35140,L12,782,2024-02-19 20:26:36,21.0353098,52.0834248
35141,L12,684,2024-02-19 21:07:27,20.8962433,52.0076491
35155,L13,03,2024-02-19 18:36:45,21.0350705,52.0835535
35159,L13,04,2024-02-19 20:35:17,21.0334421,52.0831806
4200,178,3,2024-02-19 21:09:12,20.920694,52.196804
4201,207,3,2024-02-19 21:09:09,20.895256,52.193295
4202,149,04,2024-02-19 19:25:17,20.92222,52.196468
4203,249,2,2024-02-19 21:09:11,20.940231,52.246651
4204,208,591,2024-02-19 21:09:13,20.9755497,52.210269
4205,129,4,2024-02-19 21:09:11,20.9430156,52.2378671
4206,178,6,2024-02-19 21:09:12,20.921415,52.204521
4207,207,2,2024-02-19 21:09:13,20.892967,52.200405
4208,178,5,2024-02-19 12:54:53,20.920807,52.196815
4209,714,04,2024-02-19 16:05:26,20.920637,52.196831
4210,249,676,2024-02-19 21:09:09,20.947872,52.244133
4211,207,06,2024-02-19 20:40:30,20.92041,52.196915
4212,129,1,2024-02-19 21:09:13,20.919958,52.197449
4213,714,04,2024-02-19 19:55:13,20.922297,52.196487
4214,207,4,2024-02-19 21:09:13,20.8705007,52.1833202
4215,154,4,2024-02-19 21:09:12,20.963985,52.217148
4216,714,3,2024-02-19 21:09:13,20.846835,52.2510991
4217,122,015,2024-02-19 19:44:33,20.922087,52.196484
4218,178,7,2024-02-19 21:09:12,20.9293537,52.2028242
4219,154,3,2024-02-19 21:09:12,20.978701,52.184025
4220,178,8,2024-02-19 19:07:11,20.922291,52.196434
4221,178,2,2024-02-19 21:09:12,21.0084787,52.2353119
4223,154,05,2024-02-19 18:51:46,20.922131,52.196499
4224,729,1,2024-02-19 21:09:12,20.9138706,52.2375392
4225,714,1,2024-02-19 21:09:13,20.9137204,52.2379259
4226,178,4,2024-02-19 20:55:42,20.922012,52.19651
4227,N01,5,2024-02-19 12:46:27,20.9193744,52.1967807
4228,714,1,2024-02-19 20:27:08,20.9184727,52.1968239
4229,178,1,2024-02-19 21:09:12,20.928284,52.195396
4230,N01,5,2024-02-19 12:19:30,20.920242,52.196899
4231,178,010,2024-02-19 15:19:19,20.6901581,52.2135047
4232,154,1,2024-02-19 21:09:11,20.972626,52.2193016
4233,122,9,2024-02-19 21:09:13,20.900814,52.239105
4234,178,5,2024-02-19 21:09:08,20.920513,52.19685
4235,714,2,2024-02-19 21:09:11,20.845108,52.250458
4236,255,3,2024-02-19 21:09:12,20.965954,52.228645
4237,122,4,2024-02-19 21:09:12,20.9860114,52.2798367
4238,178,4,2024-02-19 19:43:35,20.920372,52.196888
4239,154,2,2024-02-19 21:09:12,20.977642,52.180126
4240,255,1,2024-02-19 21:09:11,20.919529,52.197536
4241,197,1,2024-02-19 21:02:40,20.920475,52.196861
4242,122,2,2024-02-19 21:09:12,20.9855454,52.269681
4243,122,015,2024-02-19 11:49:10,20.690194,52.2137772
4244,197,4,2024-02-19 21:09:11,20.930979,52.225212
4245,207,05,2024-02-19 20:24:43,20.920849,52.19677
4246,129,2,2024-02-19 21:09:10,20.915918,52.226414
4247,154,4,2024-02-19 19:29:25,20.920605,52.196831
4248,122,679,2024-02-19 21:00:35,20.921814,52.196621
4249,129,4,2024-02-19 17:33:44,20.920309,52.196865
4300,146,08,2024-02-19 21:09:03,21.115778,52.234846
4301,173,1,2024-02-19 21:09:13,21.1164177,52.2331259
4302,153,3,2024-02-19 21:09:13,21.1770941,52.2568776
4303,146,4,2024-02-19 21:09:13,21.0522592,52.2502896
4304,115,1,2024-02-19 21:09:12,21.2212047,52.1668966
4305,146,5,2024-02-19 21:09:13,21.0483825,52.247428
4306,115,2,2024-02-19 07:25:41,21.1177012,52.2341282
4307,168,08,2024-02-19 18:35:31,21.1171518,52.2331098
4308,319,07,2024-02-19 19:43:43,21.1167102,52.2331517
4309,115,3,2024-02-19 21:09:13,21.1703239,52.2770607
4310,319,04,2024-02-19 19:08:29,21.117035,52.233026
4311,168,6,2024-02-19 21:09:13,21.1135272,52.2351597
4312,173,011,2024-02-19 21:09:12,21.1534769,52.2394127
4313,142,07,2024-02-19 19:28:23,21.116803,52.23313
4314,146,09,2024-02-19 21:09:13,21.2046827,52.1594725
4315,702,03,2024-02-19 21:09:12,21.1338147,52.2067527
4316,168,09,2024-02-19 20:28:21,21.115853,52.233298
4317,117,1,2024-02-19 21:09:13,21.1025114,52.2221419
4318,183,2,2024-02-19 21:09:12,21.0872317,52.2447364
4319,319,02,2024-02-19 16:10:51,21.117181,52.233036
4320,147,4,2024-02-19 21:09:13,21.0438005,52.2374137
4321,153,04,2024-02-19 21:09:13,21.1165029,52.2331249
4322,119,3,2024-02-19 21:09:12,21.0041679,52.2043012
4323,702,1,2024-02-19 21:09:10,21.2114695,52.1162066
4324,173,1,2024-02-16 04:49:49,21.1157005,52.2343606
4325,146,07,2024-02-19 19:42:32,21.11672,52.233166
4326,168,1,2024-02-19 21:09:13,20.9955752,52.1889201
4327,319,02,2024-02-19 21:04:46,21.117281,52.2330079
4328,146,1,2024-02-19 21:09:12,21.1453495,52.1762057
4329,319,09,2024-02-19 20:12:41,21.116841,52.233293
4330,729,02,2024-02-19 20:25:54,20.922015,52.196514
4331,197,5,2024-02-19 21:09:12,20.945055,52.2422459
4332,249,678,2024-02-19 21:09:13,20.8974727,52.2396339
4333,160,283,2024-02-19 21:09:13,20.9945274,52.2420842
4334,220,295,2024-02-19 21:09:13,20.8964612,52.2023872
4335,197,1,2024-02-19 21:09:13,20.958288,52.281071
4336,129,3,2024-02-19 21:09:13,20.9391957,52.2459827
4337,197,2,2024-02-19 21:09:13,20.9340664,52.258184
4338,122,7,2024-02-19 21:09:08,20.9132855,52.2401
4339,255,2,2024-02-19 21:09:13,20.9310056,52.2253247
4400,117,06,2024-02-19 19:17:59,21.044621,52.264782
4401,181,3,2024-02-19 21:09:10,20.951,52.28149
4402,134,3,2024-02-19 21:09:12,20.9682336,52.2719077
4403,166,343,2024-02-19 21:09:13,21.03055,52.261696
4404,123,5,2024-02-19 21:09:12,21.052345,52.250225
4405,156,226,2024-02-19 21:09:11,21.045267,52.262047
4406,169,4,2024-02-19 20:39:05,21.048194,52.264151
4407,134,05,2024-02-19 20:38:42,21.0449574,52.2646384
4408,197,6,2024-02-19 21:09:09,20.9488566,52.2768689
4409,197,7,2024-02-19 21:09:13,20.975866,52.289661
4410,169,2,2024-02-19 21:09:11,21.0499,52.252426
4411,134,2,2024-02-19 21:09:12,21.052086,52.310123
4412,123,08,2024-02-19 21:09:13,21.0445766,52.2648124
4413,173,8,2024-02-19 21:09:12,21.066095,52.25164
4414,156,5,2024-02-19 21:09:09,21.076565,52.269321
4415,173,10,2024-02-19 21:09:13,21.194517,52.248173
4416,166,343,2024-02-19 13:34:15,21.048281,52.26421
4417,122,012,2024-02-19 20:09:37,21.044258,52.265038
4418,178,013,2024-02-19 20:15:33,21.04414,52.265034
4419,197,08,2024-02-19 19:31:53,21.04443,52.26487
4420,126,1,2024-02-19 14:40:09,21.0472292,52.2641727
4421,170,212,2024-02-19 21:09:13,21.0867357,52.2736289
4422,156,2,2024-02-19 21:09:12,20.941174,52.285831
4423,134,04,2024-02-19 21:09:12,21.006495,52.307373
4424,120,227,2024-02-19 21:09:12,21.047565,52.263897
4425,134,1,2024-02-19 21:09:11,21.050144,52.340481
4426,156,3,2024-02-19 21:09:11,21.044767,52.278831
4427,173,2,2024-02-19 21:09:13,21.250652,52.231964
4428,156,06,2024-02-19 20:54:33,21.042255,52.266155
4429,123,07,2024-02-19 20:32:15,21.044195,52.265099
4430,122,10,2024-02-19 21:09:12,20.913498,52.229015
4431,122,1,2024-02-19 21:09:12,20.926683,52.263721
4432,166,2,2024-02-19 21:08:56,21.029116,52.260306
4433,122,013,2024-02-19 20:18:15,21.043568,52.266113
4434,197,6,2024-02-19 17:50:04,21.045538,52.264492
5201,521,5,2024-02-19 20:27:42,20.9220795,52.1962175
5202,105,4,2024-02-19 21:09:07,20.900728,52.238948
5203,124,1,2024-02-19 21:09:08,20.9650143,52.1517614
5204,728,02,2024-02-19 21:09:11,20.922473,52.196188
5205,414,02,2024-02-16 21:17:18,20.9194515,52.1963627
5206,184,493,2024-02-19 21:09:07,20.9733718,52.2189746
5207,716,62,2024-02-19 21:09:10,20.8739058,52.2021341
5208,136,9,2024-02-19 21:09:04,20.9894433,52.1891395
5209,186,019,2024-02-19 20:41:02,20.9199897,52.1965265
5210,733,710,2024-02-19 05:12:08,20.920211,52.195623
5211,706,1,2024-02-19 21:09:07,20.9142872,52.1485018
5212,401,010,2024-02-19 19:16:31,20.92144,52.196421
5213,414,04,2024-02-19 21:08:55,20.947911,52.200523
5214,177,07,2024-02-19 20:10:16,20.9218742,52.1962344
5215,517,3,2024-02-19 21:09:08,20.9519225,52.2119889
5216,414,02,2024-02-19 21:09:06,20.921853,52.1957933
5217,713,3,2024-02-19 20:38:09,20.9222435,52.1961525
5218,172,010,2024-02-19 19:56:10,20.9218184,52.1962808
5219,188,5,2024-02-19 21:09:08,20.9826741,52.1956426
5220,401,028,2024-02-19 19:32:22,20.9213463,52.1964192
5221,188,6,2024-02-19 21:09:06,21.0845466,52.250148
5222,523,8,2024-02-19 21:09:05,20.9130953,52.2517923
5223,523,10,2024-02-19 21:09:07,20.9612501,52.2168074
5224,182,8,2024-02-19 21:09:08,21.0262186,52.2195288
5225,184,5,2024-02-17 10:51:01,20.920666,52.196599
5226,717,65,2024-02-19 21:09:11,20.9708598,52.2196066
5227,517,2,2024-02-19 21:09:12,20.8915074,52.1904372
5228,187,4,2024-02-19 20:38:05,20.9221309,52.1961929
5229,136,7,2024-02-19 21:09:10,20.9652311,52.2479635
5230,172,6,2024-02-19 21:09:01,21.052408,52.184924
5232,523,11,2024-02-19 16:48:03,20.9223173,52.1971337
5234,105,011,2024-02-19 09:14:34,20.9205462,52.19747
5236,401,012,2024-02-19 20:35:31,20.9222921,52.1961724
5237,ZA1,02,2024-02-19 15:22:39,20.920431,52.196609
5238,191,3,2024-02-19 21:09:08,20.936291,52.201489
5239,105,2,2024-02-19 21:09:04,20.9492025,52.2270977
5240,182,1,2024-02-19 21:09:06,20.9651859,52.2180878
5241,187,9,2024-02-19 21:09:06,20.861926,52.190944
5242,716,61,2024-02-19 21:08:21,20.9307042,52.2249263
5243,717,64,2024-02-19 15:31:43,20.9202849,52.1965956
5244,184,3,2024-02-19 11:44:13,20.9196643,52.1969976
5245,517,015,2024-02-19 17:09:08,20.9205376,52.1974503
5246,177,675,2024-02-19 21:09:11,20.8683683,52.1923285
5247,523,5,2024-02-19 21:09:07,20.9164862,52.2207236
5248,136,5,2024-02-19 21:09:05,20.9566678,52.2287038
5249,188,2,2024-02-19 21:09:07,21.1189946,52.2441383
5250,105,011,2024-02-19 20:11:17,20.922091,52.196413
5251,719,4,2024-02-19 21:09:13,20.5863214,52.2575349
5252,105,1,2024-02-19 21:09:11,20.9791334,52.2296181
5253,517,6,2024-02-19 21:09:11,21.0341665,52.2259258
5254,191,5,2024-02-19 21:09:08,20.9825578,52.2176595
5255,401,3,2024-02-19 21:09:06,21.0261036,52.172914
5257,187,10,2024-02-19 21:09:07,20.8861883,52.1969743
5258,317,07,2024-02-19 21:09:10,21.0208546,52.1732741
5259,184,5,2024-02-19 21:08:59,20.939311,52.203338
5260,401,4,2024-02-19 18:21:03,20.9191648,52.1970529
5401,138,1,2024-02-19 21:09:13,21.1008224,52.2606564
5402,132,2,2024-02-19 21:09:13,21.0504,52.3041
5403,527,519,2024-02-19 21:09:11,21.0682824,52.3236009
5404,509,3,2024-02-19 21:09:13,21.055597,52.238628
5405,120,5,2024-02-19 21:09:13,21.046082,52.347206
5406,112,3,2024-02-19 21:09:09,21.0355957,52.2965942
5407,112,2,2024-02-19 21:09:11,20.8978,52.2277
5408,145,4,2024-02-19 21:09:13,21.046377,52.264179
5409,738,3,2024-02-19 21:09:12,21.193613,52.413254
5411,102,547,2024-02-19 21:09:13,21.034307,52.245213
5412,509,8,2024-02-19 21:09:13,21.062977,52.228668
5413,500,1,2024-02-19 21:09:11,21.046581,52.281906
5414,511,07,2024-02-19 18:24:42,21.047136,52.264679
5415,518,6,2024-02-19 21:09:11,20.971535,52.320908
5416,160,517,2024-02-19 21:09:11,20.99498,52.242409
5417,518,012,2024-02-19 19:23:51,21.0461681,52.2650629
5418,509,12,2024-02-19 21:09:12,20.946772,52.340076
5419,162,1,2024-02-19 21:09:10,21.048073,52.208263
5420,132,5,2024-02-19 21:09:11,21.066744,52.3195176
5421,723,731,2024-02-19 20:10:24,21.0478404,52.264495
5423,414,08,2024-02-19 21:09:10,21.046692,52.262604
5424,132,08,2024-02-19 21:09:13,21.060408,52.315029
5425,414,06,2024-02-19 21:09:13,21.0485439,52.2646142
5426,500,3,2024-02-19 21:09:12,20.9824589,52.2532307
5427,132,06,2024-02-19 19:48:41,21.0475137,52.264495
5428,145,6,2024-02-19 21:09:11,21.1219896,52.2364632
5429,511,2,2024-02-19 21:09:13,20.9428486,52.3486721
5430,190,11,2024-02-19 21:09:12,21.0657,52.2753
5431,160,516,2024-02-19 21:09:12,21.045597,52.259399
5432,735,61,2024-02-18 07:15:43,21.0446386,52.2654952
5433,199,3,2024-02-19 19:56:50,21.047092,52.264866
5434,340,06,2024-02-19 15:07:02,21.047474,52.264587
5435,511,1,2024-02-19 21:09:13,20.968889,52.325504
5436,112,2,2024-02-19 21:09:10,21.0456082,52.2652599
5437,190,8,2024-02-19 19:30:07,21.0467964,52.2649379
5438,120,8,2024-02-19 21:09:13,21.0586997,52.301252
5439,738,5,2024-02-19 21:09:12,21.052959,52.276527
5440,527,011,2024-02-19 16:29:46,21.044464,52.265675
5441,160,716,2024-02-19 21:09:13,21.0429789,52.2750287
5442,199,2,2024-02-19 21:09:11,21.042181,52.2954965
5443,723,478,2024-02-19 21:09:11,20.91662,52.399345
5444,512,4,2024-02-19 21:09:09,21.043558,52.250198
5445,160,515,2024-02-19 21:09:11,21.048178,52.286552
5446,199,05,2024-02-19 21:09:11,21.045742,52.264931
5447,512,2,2024-02-19 21:09:10,21.049549,52.28603
5448,160,715,2024-02-19 19:13:23,21.048454,52.2645
5449,517,018,2024-02-19 15:43:41,21.0459482,52.2651397
5450,731,499,2024-02-19 21:09:11,20.977804,52.312691
5451,509,14,2024-02-19 21:09:10,20.944752,52.339214
5452,190,3,2024-02-19 20:12:20,21.044646,52.26534
5453,120,4,2024-02-19 21:09:12,21.061813,52.310314
5454,120,3,2024-02-19 21:09:13,21.051619,52.262177
5455,120,2,2024-02-19 21:09:13,21.055672,52.263489
5456,190,1,2024-02-19 21:09:09,20.925949,52.232109
5457,731,479,2024-02-19 21:09:12,20.931862,52.414577
5458,245,1,2024-02-19 19:27:40,21.0473642,52.2645656
5459,240,3,2024-02-19 19:25:58,21.046919,52.264919
5460,731,470,2024-02-19 19:12:56,21.046099,52.265053
5870,128,408,2024-02-19 21:09:10,20.9751,52.2037
5871,128,407,2024-02-19 21:08:57,21.010498,52.229534
5872,503,1,2024-02-19 21:09:12,21.0046034,52.2555801
5873,175,411,2024-02-19 20:59:07,20.998011,52.187218
5875,503,12,2024-02-19 21:09:13,21.031322,52.206223
5876,128,704,2024-02-19 21:09:11,20.998106,52.187164
5877,175,708,2024-02-19 20:34:47,20.997966,52.187274
5878,503,6,2024-02-19 21:09:10,21.018269,52.236031
5879,504,220,2024-02-19 21:09:13,21.003773,52.229534
5880,128,333,2024-02-19 21:09:12,20.989365,52.219242
5881,127,3,2024-02-19 21:08:55,20.997968,52.186959
5882,503,11,2024-02-19 21:09:10,21.039455,52.169628
5883,128,704,2024-02-19 12:10:48,20.99801,52.186841
5884,519,6,2024-02-19 21:09:10,21.084146,52.16782
5885,175,402,2024-02-19 21:09:09,20.978062,52.169491
5886,519,7,2024-02-19 21:09:13,21.034908,52.202145
5887,519,5,2024-02-19 21:08:55,20.998061,52.187221
5888,503,3,2024-02-19 21:09:09,21.002293,52.254723
5889,127,2,2024-02-19 21:09:10,21.02228,52.241196
5890,N31,334,2024-02-16 10:14:44,20.9952,52.186891
5891,127,9,2024-02-19 21:09:11,21.020533,52.243191
5892,175,400,2024-02-19 21:09:10,20.990236,52.217068
5893,175,405,2024-02-19 21:09:12,21.020117,52.232193
5894,127,6,2024-02-19 21:09:13,20.93469,52.201694
5896,128,334,2024-02-19 21:09:12,21.014156,52.244274
5897,128,703,2024-02-19 20:49:18,20.998026,52.186928
5898,503,10,2024-02-19 21:09:12,21.045183,52.142265
5899,519,8,2024-02-19 21:09:11,21.003418,52.228249
5900,116,4,2024-02-19 21:09:11,20.9803232,52.2701737
5901,116,5,2024-02-19 21:09:06,20.92498,52.272339
5902,175,401,2024-02-19 21:09:13,20.9736,52.1706
5903,151,07,2024-02-19 19:47:12,21.117073,52.233859
5904,507,09,2024-02-19 21:09:03,21.115931,52.235419
5905,175, ,2024-02-19 19:42:52,21.116959,52.233843
5906,158,3,2024-02-19 21:09:10,20.949324,52.211582
5907,111,013,2024-02-19 18:08:32,21.116838,52.233898
5908,158,2,2024-02-19 21:09:11,21.043877,52.236549
5909,128,412,2024-02-19 15:30:34,21.114336,52.234993
5910,180,017,2024-02-19 20:50:27,21.116896,52.234029
5911,175,706,2024-02-19 20:53:20,21.116745,52.233878
5912,180,015,2024-02-19 21:09:02,21.084009,52.167949
5913,180,433,2024-02-18 13:42:16,21.116523,52.23396
5914,111,8,2024-02-19 21:09:00,21.116723,52.234011
5915,128,409,2024-02-19 21:09:12,20.963728,52.207691
5916,180,13,2024-02-19 21:09:11,21.0585,52.1914
5917,116,433,2024-02-19 21:09:11,21.083851,52.168217
5919,175,706,2024-02-19 21:04:28,21.116436,52.233951
5920,503,8,2024-02-19 21:09:09,21.043715,52.14864
5921,111,2,2024-02-19 21:09:10,21.062628,52.229366
5922,116,15,2024-02-19 21:09:08,21.026016,52.216564
5923,175,410,2024-02-19 21:09:09,21.073519,52.231819
5924,158,8,2024-02-19 09:11:22,21.115903,52.234083
5925,503,2,2024-02-19 21:09:10,21.110937,52.226059
5926,180,7,2024-02-19 20:29:54,21.116163,52.234068
5927,116,3,2024-02-19 21:09:12,21.0808,52.166
5928,116,8,2024-02-19 21:09:07,20.9337,52.2785
5929,503,4,2024-02-19 21:09:02,21.116025,52.23395
5930,111,5,2024-02-19 21:09:09,20.979151,52.24435
5931,116,12,2024-02-19 21:09:08,21.011938,52.246422
5932,111,4,2024-02-19 21:09:11,20.97961,52.244755
5933,116,17,2024-02-19 21:09:08,21.052814,52.184509
5934,175,412,2024-02-19 21:09:10,21.013641,52.241383
5935,128,404,2024-02-19 21:09:12,21.1161199,52.2350262
5936,111,7,2024-02-19 19:39:15,21.11589,52.234128
5937,175,403,2024-02-19 21:09:13,20.984528,52.201138
5938,128,707,2024-02-19 19:53:33,21.115733,52.234135
5939,111,4,2024-02-18 14:25:20,21.115761,52.234031
5940,180,5,2024-02-19 21:09:10,21.015087,52.242535
5941,180,10,2024-02-19 21:09:10,20.994024,52.248722
5942,128,701,2024-02-19 21:09:04,21.115613,52.234143
5943,507,012,2024-02-19 19:48:55,21.115474,52.23405
5944,180,438,2024-02-19 21:09:10,20.9249,52.2723
5945,116,6,2024-02-19 21:09:11,21.002518,52.251549
5946,116,2,2024-02-19 16:01:58,21.115466,52.234189
5947,175,702,2024-02-19 19:51:00,21.115331,52.23409
5948,180,5,2024-02-19 08:32:09,21.115351,52.234166
5949,111,10,2024-02-19 19:32:03,21.115294,52.234098
5950,116,10,2024-02-15 11:18:32,21.047048,52.265266
5951,127,7,2024-02-19 21:09:11,20.996298,52.226753
5953,503,014,2024-02-19 21:09:02,21.031435,52.20607
5954,518,7,2024-02-19 21:09:11,20.942123,52.334557
5955,180,11,2024-02-19 20:01:04,21.045946,52.265504
5956,518,5,2024-02-19 21:09:13,21.0199,52.2324
5957,503,013,2024-02-19 20:03:39,21.046448,52.265371
5958,111,011,2024-02-19 19:22:35,21.046023,52.265468
5959,116,14,2024-02-19 21:09:06,21.000088,52.253609
5960,518,08,2024-02-19 21:08:58,21.020659,52.266404
5961,180,14,2024-02-19 21:09:11,21.084028,52.167679
5962,127,1,2024-02-19 20:13:41,21.048188,52.264966
5963,518,3,2024-02-19 21:09:08,21.045204,52.265715
5964,518,1,2024-02-19 21:09:02,21.045844,52.26559
5965,116,11,2024-02-19 16:33:49,21.04532,52.265693
5966,180,12,2024-02-19 21:09:09,21.022259,52.229874
5967,111,1,2024-02-19 21:09:10,21.102491,52.22205
5968,127,010,2024-02-19 21:09:09,20.895477,52.208809
5969,180,9,2024-02-19 10:56:11,21.043793,52.265673
5970,145,015,2024-02-19 20:52:00,21.048326,52.264883
5971,503,013,2024-02-19 11:47:48,21.046661,52.265261
5972,127,M7,2024-02-19 07:25:31,21.04708,52.264358
5973,111,011,2024-02-19 14:07:33,21.047454,52.265058
5974,128,406,2024-02-19 10:15:48,21.043713,52.26567
5975,180,016,2024-02-19 21:09:09,20.96999,52.255692
5976,111,3,2024-02-19 21:09:08,21.018126,52.236282
5977,116,2,2024-02-19 21:09:10,21.048171,52.265001
5978,127, ,2024-02-16 22:21:23,21.045433,52.265668
5979,180,9,2024-02-19 21:09:09,20.946316,52.266815
5980,116,7,2024-02-19 21:09:11,20.979143,52.27042
5981,180,6,2024-02-19 21:09:11,21.046822,52.264446
5982,111,6,2024-02-19 15:00:20,21.045646,52.265549
5983,518,2,2024-02-19 21:09:10,20.961496,52.31707
5984,518,09,2024-02-19 19:15:37,21.046413,52.265388
5985,116,11,2024-02-19 21:09:09,20.923399,52.274635
5986,518,011,2024-02-19 19:15:47,21.046266,52.265413
5987,116,16,2024-02-19 21:09:11,21.044096,52.192738
5988,116,13,2024-02-19 21:09:11,21.084014,52.1674512
5989,111,011,2024-02-19 13:09:28,21.044738,52.265956
5990,503,5,2024-02-19 21:09:08,21.000137,52.253647
5991,180, ,2024-02-19 16:53:18,21.044827,52.265797
5992,180,1,2024-02-19 20:35:39,21.045223,52.265708
5993,127,4,2024-02-19 21:09:12,21.0096,52.229317
5994,503,9,2024-02-19 21:09:02,21.049963,52.144579
5995,180,9,2024-02-19 11:46:03,21.04597,52.265444
5996,175,406,2024-02-19 21:09:13,21.012743,52.243195
5997,518,4,2024-02-19 21:09:12,21.011208,52.246716
5998,116,2,2024-02-19 13:03:21,21.045643,52.265564
5999,116,10,2024-02-19 21:09:11,20.924723,52.272449
60051,L18,2,2024-02-15 18:20:53,20.805536,52.2194103
60052,L18,2,2024-02-16 20:00:48,20.7207131,52.0819968
60053,L18,03,2024-02-19 17:50:28,20.842402,52.249862
60054,L18,2,2024-02-19 21:09:07,20.8128785,52.3128038
60055,L18,1,2024-02-19 21:09:13,20.8280653,52.2626286
60056,L29,1,2024-02-19 21:09:13,20.5605943,52.2565976
60057,L-6,1,2024-02-19 21:08:55,20.8429676,52.275705
60058,L-7,2,2024-02-19 18:38:58,20.805611,52.2193243
60059,L-6,02,2024-02-19 19:51:37,20.8713743,52.1977113
60060,L-7,1,2024-02-19 19:43:04,20.8055595,52.2193386
6200,105,08,2024-02-19 21:08:58,20.921555,52.196358
6201,191,2,2024-02-19 21:09:11,20.884171,52.189423
6202,401,2,2024-02-19 21:09:13,21.0251602,52.1735187
6203,ZA1,01,2024-02-19 21:09:09,20.921249,52.196472
6204,177,4,2024-02-19 19:12:27,20.9202135,52.1970744
6205,711,709,2024-02-16 06:55:59,20.919483,52.196854
6206,401,4,2024-02-19 21:08:52,20.956363,52.190555
6207,171,4,2024-02-19 21:09:11,21.011667,52.229572
6208,187,1,2024-02-19 21:09:09,20.96117,52.216736
6209,414,05,2024-02-19 15:34:22,20.918913,52.196706
6210,177,1,2024-02-19 21:09:13,20.900608,52.2393062
6212,711,710,2024-02-19 21:09:12,20.9304807,52.1639512
6213,141,205,2024-02-19 21:09:13,20.919989,52.19659
6214,186,018,2024-02-19 17:57:51,20.922413,52.197113
6215,716,61,2024-02-19 14:22:18,20.9195179,52.1969854
6216,517,1,2024-02-19 21:09:11,20.8626214,52.1901834
6217,171,452,2024-02-19 21:09:12,20.9780371,52.2381969
6218,177,08,2024-02-19 21:09:12,20.922373,52.196213
6219,188,1,2024-02-19 21:09:12,20.9222499,52.1962546
6220,148,012,2024-02-19 21:09:12,20.9219126,52.1963604
6221,717,068,2024-02-19 21:09:12,20.921541,52.196404
6222,184,09,2024-02-19 20:56:26,20.9211194,52.1964947
6223,401,025,2024-02-19 19:39:36,20.920467,52.196445
6224,401,013,2024-02-19 19:02:19,20.9224329,52.1970979
6225,717,068,2024-02-16 07:31:18,20.920118,52.196665
6226,401,9,2024-02-19 21:09:10,20.892031,52.193481
6227,105,5,2024-02-19 21:08:53,20.900738,52.239116
6228,523,023,2024-02-19 21:09:13,20.9568557,52.2308307
6229,517,7,2024-02-19 21:09:13,20.967058,52.218208
6230,733,507,2024-02-19 21:09:10,20.922062,52.196274
6231,713,04,2024-02-19 21:09:13,20.9217204,52.1964094
6232,186,016,2024-02-19 12:58:48,20.918614,52.196551
6234,186,016,2024-02-19 21:09:09,20.977201,52.31345
6235,706,03,2024-02-19 21:06:27,20.921404,52.197342
6236,523,14,2024-02-19 21:09:13,20.9217302,52.1958234
6237,Z26,2,2024-02-18 08:05:04,20.9197199,52.1969677
6238,743,05,2024-02-19 21:09:13,20.9009572,52.2392525
6239,706,2,2024-02-19 21:09:12,20.9424794,52.1757207
6240,177,3,2024-02-19 21:09:10,20.892546,52.204632
6241,186,017,2024-02-19 21:09:13,20.9215305,52.1964667
6242,124,2,2024-02-19 21:09:09,20.943119,52.175804
6243,713,05,2024-02-19 21:09:13,20.922293,52.196056
6244,414,03,2024-02-19 21:09:11,20.921749,52.196842
70001,L39,4,2024-02-19 21:08:02,20.9924288,52.1097733
70002,L39,3,2024-02-19 21:08:40,21.0398283,52.0806426
70004,L39,2,2024-02-19 21:07:31,21.024286,52.0619566
70006,L39,3,2024-02-19 17:16:33,21.035022,52.0828601
70007,L52,1,2024-02-19 21:08:53,21.0687983,52.0822083
70008,L39,2,2024-02-17 23:51:05,21.0353186,52.0833173
70009,L32,M52,2024-02-17 20:41:23,21.035416,52.0833305
70021,L14,1,2024-02-17 07:44:39,21.0773283,52.2673981
70033,L14,1,2024-02-19 21:09:14,21.0776646,52.2678506
70034,L-3,02,2024-02-19 19:32:54,20.8720526,52.084836
70035,L16,1,2024-02-19 21:09:10,21.1395193,52.1172955
70036,L-3,03,2024-02-19 21:09:11,21.0246351,52.081341
70041,L24,693,2024-02-21 10:26:23,21.0178212,52.0670423
70042,L-1,2,2024-02-19 21:08:09,20.8958566,52.0569053
70043,L15,52,2024-02-19 21:07:05,21.1161253,52.1026613
70045,L15,53,2024-02-19 19:26:06,21.0345296,52.0835608
7200,523,11,2024-02-19 21:09:08,21.062912,52.228741
7201,414,05,2024-02-19 21:09:12,20.966267,52.214664
7202,105,012,2024-02-19 19:28:32,20.920912,52.196899
7203,105,6,2024-02-19 21:09:12,20.8970962,52.2284684
7204,189,019,2024-02-19 21:09:13,20.921377,52.195847
7205,401,011,2024-02-19 19:53:42,20.920906,52.196922
7206,141,012,2024-02-19 12:40:58,20.919443,52.196999
7207,ZA1,04,2024-02-19 19:03:27,20.920765,52.196957
7208,184,8,2024-02-19 21:09:09,20.932278,52.268448
7209,703,506,2024-02-19 21:09:12,20.920834,52.197426
7210,ZA1,03,2024-02-19 19:07:12,20.920383,52.19709
7211,716,067,2024-02-19 19:02:22,20.920994,52.196903
7212,177,6,2024-02-19 21:09:05,20.897606,52.227722
7213,112,10,2024-02-19 21:09:13,20.964117,52.275391
7214,191,7,2024-02-19 21:09:11,20.89975,52.194916
7215,189,020,2024-02-19 16:39:42,20.9193817,52.1976912
7216,703,512,2024-02-19 21:02:20,20.921066,52.197388
7217,189,018,2024-02-19 20:47:18,20.919239,52.196415
7218,189,018,2024-02-17 07:23:10,20.6913844,52.2134392
7220,141,206,2024-02-19 21:09:12,20.958269,52.189861
7221,717,64,2024-02-19 21:09:13,20.905241,52.186161
7222,189,16,2024-02-19 15:46:01,20.920843,52.19693
7223,728,1,2024-02-19 21:09:13,20.877775,52.024719
7224,190,10,2024-02-19 21:09:10,20.947903,52.238647
7225,112,9,2024-02-19 21:09:08,21.091873,52.307014
7226,713,2,2024-02-19 21:09:09,20.740433,52.212357
7227,189,4,2024-02-19 21:09:13,21.0688279,52.1813427
7228,703,709,2024-02-19 21:09:09,20.819475,52.089333
7229,733,01,2024-02-19 21:09:13,20.9435047,52.1756879
7230,189,024,2024-02-19 20:24:29,20.920616,52.19696
7231,136,2,2024-02-19 21:09:12,21.040144,52.149059
7232,186,018,2024-02-19 20:14:06,20.921675,52.195816
7233,ZA1,02,2024-02-19 19:40:21,20.921093,52.197361
7234,177,4,2024-02-19 21:09:11,20.868599,52.192402
7235,189,6,2024-02-19 20:56:19,20.921429,52.195858
7236,517,239,2024-02-19 21:09:13,20.920864,52.196323
7237,189,10,2024-02-19 21:09:13,20.9213232,52.1958971
7238,719,3,2024-02-19 21:09:11,20.741486,52.253174
7239,189,2,2024-02-19 20:07:35,20.921595,52.195824
7240,190,13,2024-02-19 21:09:08,20.915195,52.23941
7241,189,7,2024-02-19 21:09:13,21.0382066,52.1729289
7242,172,4,2024-02-19 21:09:13,21.052425,52.184875
7243,189,4,2024-02-19 17:03:26,20.920803,52.196556
7244,172,7,2024-02-19 21:09:11,20.988008,52.197617
7245,177,2,2024-02-19 21:09:13,20.913412,52.2388
7247,719,5,2024-02-19 21:09:12,20.727983,52.253971
7248,317,2,2024-02-19 21:09:09,21.084377,52.1679
7249,189,11,2024-02-19 21:09:11,20.914831,52.199585
7250,523,13,2024-02-19 20:29:38,20.920809,52.197395
7251,189,13,2024-02-19 21:09:12,20.900728,52.238934
7252,189,15,2024-02-19 21:09:12,20.941481,52.193531
7253,189,16,2024-02-19 21:09:12,20.9880584,52.1814797
7254,171,5,2024-02-19 20:10:27,20.9204647,52.1970297
7255,190,014,2024-02-19 19:14:18,20.921198,52.197323
7256,184,1,2024-02-19 21:09:13,20.927507,52.291176
7257,190,4,2024-02-19 21:09:13,21.0853924,52.3050709
7258,189,3,2024-02-19 21:09:12,21.0695311,52.1815167
7259,189,022,2024-02-19 17:46:12,20.920614,52.197472
7301,158,4,2024-02-19 21:09:13,20.978374,52.22189
7302,402,013,2024-02-19 20:20:54,21.1159342,52.2338336
7303,507,4,2024-02-19 21:09:12,21.005367,52.229404
7304,199,06,2024-02-19 21:09:05,21.117857,52.234425
7305,525,8,2024-02-19 21:09:12,21.154814,52.226051
7306,402,010,2024-02-19 19:09:39,21.1171934,52.233354
7307,521,2,2024-02-19 21:09:13,21.048729,52.237644
7308,507,010,2024-02-19 18:21:33,21.1173332,52.2334692
7309,158,7,2024-02-19 20:46:36,21.115639,52.233902
7310,507,3,2024-02-19 21:09:07,21.005299,52.229565
7311,E-1,01,2024-02-19 18:25:16,21.116905,52.233402
7312,199,4,2024-02-19 21:09:11,21.140165,52.285351
7313,182,6,2024-02-19 21:09:11,21.112923,52.236256
7314,502,719,2024-02-19 19:30:23,21.116749,52.233677
7315,202,542,2024-02-19 21:09:13,21.128616,52.240219
7316,402,3,2024-02-19 21:09:13,21.033268,52.173576
7317,202,546,2024-02-12 19:12:15,21.1142734,52.2348747
7318,102,548,2024-02-19 21:09:12,21.0828219,52.2527719
7319,162,4,2024-02-19 21:09:12,21.030077,52.2616
7320,171,451,2024-02-19 21:09:12,20.9250691,52.2725117
7321,523,15,2024-02-19 21:09:13,21.117861,52.234077
7322,523,2,2024-02-19 21:09:12,21.0533667,52.2261506
7323,411,04,2024-02-19 19:40:47,21.1163382,52.2333939
7324,158,5,2024-02-19 21:09:11,21.0931619,52.2352399
7326,102,545,2024-02-19 21:09:05,21.10758,52.249165
7327,E-1,04,2024-02-19 19:10:52,21.1169411,52.2335192
7328,509,024,2024-02-19 20:00:15,21.1164604,52.2337705
7329,402,014,2024-02-19 20:03:33,21.116055,52.233826
733,150,011,2024-02-19 08:17:04,20.864759,52.360481
7330,158,6,2024-02-19 20:39:00,21.117281,52.233414
7331,507,8,2024-02-19 21:09:13,21.1020739,52.2220954
7332,158,8,2024-02-19 21:09:13,21.099409,52.238167
7333,525,7,2024-02-19 21:09:11,21.1965754,52.2083359
7334,103,1,2024-02-19 19:14:52,21.1143822,52.234778
7335,E-1,05,2024-02-19 19:15:41,21.116941,52.233738
743,250,2,2024-02-19 21:09:11,20.864788,52.360516
744,750,3,2024-02-19 21:07:27,20.830366,52.351105
748,110,4,2024-02-19 21:09:10,20.956316,52.275986
749,750,3,2024-02-19 21:09:11,20.864836,52.360481
750,150,3,2024-02-19 21:03:21,20.864866,52.360336
753,150,5,2024-02-19 21:09:10,20.847273,52.341606
754,150,09,2024-02-19 21:09:09,20.863707,52.359329
755,850,2,2024-02-19 21:09:07,20.864902,52.360466
756,150,6,2024-02-19 21:07:56,20.847328,52.342716
757,750,2,2024-02-19 21:09:10,20.730425,52.391079
762,150,5,2024-02-19 19:45:41,20.863714,52.35936
763,250,2,2024-02-19 21:08:58,20.93343,52.288685
769,250,04,2024-02-19 21:09:07,20.865021,52.360458
7700,507,6,2024-02-19 21:09:12,21.0691473,52.2254745
7701,402,011,2024-02-19 19:39:37,21.1169142,52.2336186
7702,145,012,2024-02-19 19:58:48,21.1165995,52.2337359
7703,521,1,2024-02-19 20:00:03,21.114883,52.234438
7704,146,06,2024-02-19 20:31:13,21.1159122,52.2336671
7705,521,3,2024-02-19 21:09:13,21.1889334,52.1835991
7706,507,7,2024-02-19 21:09:12,21.1024261,52.2219854
7707,402,4,2024-02-19 12:04:17,21.116295,52.235804
7708,N24,3,2024-02-19 10:57:29,21.117188,52.234085
7709,523,018,2024-02-19 21:09:10,20.9876843,52.2162318
7710,105,7,2024-02-19 21:09:13,20.9305176,52.2236282
7711,136,11,2024-02-19 21:09:12,21.0483697,52.1508927
7712,112,4,2024-02-19 19:31:27,20.921733,52.195886
7713,190,6,2024-02-19 21:09:13,20.9874466,52.2400061
7714,189,022,2024-02-19 21:09:11,20.9145553,52.2001841
7715,187,6,2024-02-19 20:52:35,20.921381,52.195925
7716,190,9,2024-02-19 19:25:19,20.9207185,52.1969824
7717,721,02,2024-02-19 21:09:13,20.9172157,52.1512114
7718,186,014,2024-02-19 20:13:42,20.921019,52.197301
7719,717,65,2024-02-19 17:19:13,20.921331,52.196911
772,150,08,2024-02-19 19:44:10,20.864234167,52.359750333
7720,517,8,2024-02-19 21:09:13,20.9288992,52.1957931
7721,112,4,2024-02-19 21:09:13,20.9197812,52.1963697
7722,721,1,2024-02-19 21:09:08,20.8774648,52.0796935
7723,189,020,2024-02-19 20:07:42,20.9215482,52.1958639
7724,743,1,2024-02-19 20:19:32,20.9205776,52.1969504
7725,414,01,2024-02-19 21:09:12,20.9193502,52.1976017
7726,105,09,2024-02-19 17:06:58,20.920676,52.197423
7727,191,010,2024-02-19 19:02:25,20.920716,52.197401
7728,186,015,2024-02-19 19:28:13,20.9211392,52.197357
7729,719,1,2024-02-19 21:09:10,20.9135278,52.2385988
773,750,07,2024-02-19 18:05:47,20.864276833,52.359862167
7730,509,9,2024-02-19 21:09:13,21.0284097,52.2571082
7731,502,718,2024-02-19 19:37:07,21.1165114,52.2329577
7732,523,020,2024-02-19 19:53:54,21.116205,52.233825
7733,521,07,2024-02-19 21:09:12,21.1259751,52.2348664
7734,521,012,2024-02-19 21:09:12,21.1154314,52.2336962
7735,158,9,2024-02-19 21:09:12,21.1176431,52.2344314
7736,514,1,2024-02-19 21:09:13,21.0203505,52.2182247
7737,525,2,2024-02-19 21:09:12,21.0181432,52.2175044
7738,202,541,2024-02-19 21:09:12,21.0431119,52.2470449
7739,507,2,2024-02-19 21:09:12,21.020417,52.2317207
7740,521,011,2024-02-19 21:09:12,21.1165753,52.234329
7741,525,010,2024-02-19 19:34:00,21.11661,52.233598
7742,507,5,2024-02-19 21:09:11,21.0220505,52.2322336
7743,525,09,2024-02-19 19:20:02,21.1172402,52.2334747
7744,E-1,04,2024-02-19 12:27:19,21.115929,52.233508
7745,188,07,2024-02-19 21:08:57,21.115418,52.233905
7746,521,010,2024-02-19 20:32:19,21.1158641,52.2335876
7747,502,462,2024-02-19 21:09:12,21.2431571,52.2207672
7748,502,465,2024-02-19 21:09:12,21.015315,52.218686
775,150,4,2024-02-19 21:09:13,20.928175,52.290932
7750,520,7,2024-02-19 21:09:13,21.0815435,52.2358
7751,525,011,2024-02-19 20:03:13,21.114952,52.2336356
7752,507,3,2024-02-19 06:25:34,21.115961,52.234843
7753,188,3,2024-02-19 21:09:11,21.118026,52.233156
7754,188,08,2024-02-19 21:09:12,21.0249047,52.2193159
7755,182,3,2024-02-19 21:09:13,21.097624,52.2351377
7757,182,5,2024-02-19 21:09:09,21.116324,52.2348531
7758,125,4,2024-02-19 21:09:12,21.0836062,52.2452085
7759,182,7,2024-02-19 21:09:13,21.0767391,52.2336839
776,750,4,2024-02-19 21:09:13,20.9390884,52.3005705
777,250,1,2024-02-19 21:09:12,20.913868,52.283821
778,250,3,2024-02-19 21:08:55,20.8686398,52.3328758
779,850,03,2024-02-19 21:09:13,20.8649517,52.3603447
7800,509,024,2024-02-19 19:34:56,21.1168359,52.2335152
7801,145,014,2024-02-19 19:45:08,21.1157027,52.2335251
7802,145,1,2024-02-19 17:48:16,21.1165644,52.2342802
7803,145,3,2024-02-19 21:09:13,21.0062237,52.2917765
7804,145,11,2024-02-19 21:09:12,21.1267917,52.2590429
7805,141,7,2024-02-19 21:09:13,21.0295457,52.2005567
7806,141,1,2024-02-19 21:09:13,20.979255,52.185615
7807,411,03,2024-02-19 19:16:45,21.117436,52.233343
7808,520,4,2024-02-19 12:14:12,21.1152244,52.2340999
7809,143,8,2024-02-19 21:09:13,21.0700705,52.2302725
7810,521,1,2024-02-19 21:09:13,20.9638542,52.207916
7811,141,4,2024-02-19 21:09:11,21.1001511,52.2381573
7812,143,5,2024-02-19 21:09:10,21.1695978,52.263125
7813,151,3,2024-02-19 21:09:13,21.0952287,52.2311046
7814,182,2,2024-02-19 21:09:08,21.0246293,52.2193728
7815,125,5,2024-02-19 21:09:08,21.0413768,52.2415803
7816,202,544,2024-02-19 21:09:12,21.0418937,52.2420519
7817,102,546,2024-02-19 21:09:12,21.0438951,52.2485155
7818,125,06,2024-02-19 20:15:36,21.116058,52.2336084
7819,125,07,2024-02-19 19:22:14,21.1171457,52.2333534
782,150,010,2024-02-19 18:13:42,20.8644186,52.3598671
7820,151,05,2024-02-19 20:36:02,21.115899,52.233818
7821,502,09,2024-02-19 18:11:21,21.1173414,52.2338592
7822,520,010,2024-02-19 19:45:40,21.116353,52.233801
7823,720,1,2024-02-19 18:36:54,21.1164057,52.2343059
7824,523,022,2024-02-19 00:10:42,21.11555,52.2335542
7825,141,6,2024-02-19 21:09:12,21.0998095,52.2386827
7826,514,2,2024-02-19 21:09:09,21.1817163,52.248047
7827,141,3,2024-02-19 19:01:47,21.1152691,52.2341192
7828,162,012,2024-02-19 19:06:39,21.117156,52.233466
7829,125,1,2024-02-19 21:09:12,21.1025756,52.2423754
7830,143,3,2024-02-19 21:09:13,21.1420597,52.258708
7831,525,3,2024-02-19 21:09:13,21.0037799,52.2295914
7832,523,019,2024-02-19 16:26:38,21.1168445,52.2333964
7833,145,9,2024-02-19 21:09:01,21.096468,52.243614
7834,523,020,2024-02-19 20:05:17,21.1153932,52.2335594
7835,507,1,2024-02-19 21:09:13,21.0630434,52.228522
7836,411,02,2024-02-19 18:46:13,21.1173486,52.2334591
7837,521,6,2024-02-19 21:09:12,21.1154282,52.2347629
7838,520,5,2024-02-19 13:24:45,21.1150055,52.2336058
7839,E-2,03,2024-02-19 10:05:15,21.1163945,52.2334684
7840,523,16,2024-02-19 21:09:13,21.1075882,52.2490549
7841,E-1,02,2024-02-19 18:39:59,21.116984,52.233363
7842,188,3,2024-02-19 21:09:05,20.977956,52.169523
7843,502,468,2024-02-19 21:09:13,21.2000579,52.2246262
7844,402,7,2024-02-19 21:08:01,21.1171637,52.2332459
7845,162,011,2024-02-19 19:26:44,21.1169971,52.2336914
7846,151,1,2024-02-19 17:19:33,21.1151065,52.2344277
7847,502,464,2024-02-19 21:09:12,21.0158099,52.2223016
7848,521,08,2024-02-19 21:00:27,21.1161091,52.233484
7849,E-1,03,2024-02-19 19:07:25,21.116986,52.233546
7850,202,09,2024-02-19 20:05:30,21.1162837,52.2334596
7851,514,1,2024-02-17 23:20:27,21.1157752,52.2347305
7852,145,2,2024-02-19 20:34:53,21.1151915,52.2344376
7853,145,016,2024-02-19 20:00:50,21.1156214,52.2335395
7854,188,07,2024-02-19 19:10:48,21.1172616,52.23368
7855,151,06,2024-02-19 18:21:14,21.117503,52.233465
7856,145,1,2024-02-19 21:09:13,21.0525434,52.2921534
7857,145,013,2024-02-19 19:24:01,21.1171156,52.2336835
7858,182,011,2024-02-19 16:28:45,21.1158072,52.2335169
7859,509,10,2024-02-19 21:09:12,20.9884216,52.3039114
7860,521,07,2024-02-19 08:49:19,21.1175522,52.2336367
7861,162,2,2024-02-19 21:09:11,21.0305937,52.2498982
7862,145,7,2024-02-19 21:09:12,21.1168906,52.2334475
7863,145,013,2024-02-19 19:31:32,21.116697,52.2334176
7864,158,1,2024-02-19 21:09:10,21.0997747,52.2382441
7865,720,2,2024-02-19 21:09:12,21.439365,52.1351759
7866,145,5,2024-02-19 21:05:14,21.117934,52.234278
7867,525,010,2024-02-19 10:34:20,21.116569,52.2334107
7868,523,1,2024-02-19 21:09:13,21.0845579,52.2500899
7869,125,3,2024-02-19 21:09:12,21.1649461,52.2160042
7870,509,15,2024-02-19 21:09:13,20.9484826,52.3204641
7871,520,4,2024-02-19 21:09:09,21.0020618,52.2431666
7872,202,543,2024-02-19 21:09:13,21.0666599,52.250175
7873,411,03,2024-02-19 19:41:11,21.1174656,52.2338791
7874,188,4,2024-02-19 21:09:08,20.9782203,52.169383
7875,502,467,2024-02-19 21:09:13,21.1431972,52.2272824
7876,502,1,2024-02-19 21:09:13,21.2250737,52.2172754
7877,151,1,2024-02-19 21:09:13,21.0157365,52.2218147
7878,E-2,03,2024-02-19 18:58:44,21.117125,52.233595
7879,520,011,2024-02-19 18:36:36,21.1174504,52.2336549
7880,523,12,2024-02-19 21:09:12,21.1066525,52.2478127
7881,168,2,2024-02-19 21:09:08,20.9957626,52.1929519
7882,151,2,2024-02-19 21:09:13,21.0946887,52.2312556
7883,502,463,2024-02-19 21:09:13,21.0970557,52.2347207
7884,E-2,01,2024-02-19 19:51:47,21.116164,52.233809
7885,523,4,2024-02-19 21:09:09,20.9187673,52.2396288
7886,514,4,2024-02-19 21:09:12,21.0159782,52.2231672
7887,525,012,2024-02-19 20:00:56,21.116158,52.233514
7888,E-2,05,2024-02-19 19:47:27,21.1166584,52.2335097
7889,520,09,2024-02-19 19:12:21,21.116476,52.233456
7890,143,012,2024-02-19 19:46:53,21.116266,52.233806
80101,L48,1,2024-02-19 21:09:10,21.3031965,52.2033595
80102,L47,1,2024-02-19 21:09:11,21.3013818,52.2418331
80103,L48,02,2024-02-19 21:08:29,21.3032171,52.2034255
80104,L47,02,2024-02-19 20:53:58,21.2963125,52.2646394
80105,L47,1,2024-02-19 14:18:00,21.2856538,52.324837
80106,L43,882,2024-02-19 17:37:27,21.1806318,52.4219176
80107,L26,3,2024-02-19 05:43:21,21.200855,52.3259288
80108,L26,2,2024-02-19 21:09:10,21.152576,52.3108733
80109,L26,1,2024-02-19 18:31:17,21.1936823,52.3388345
80111,L38,1,2024-02-19 21:07:50,21.2503746,52.3301285
80112,L37,1,2024-02-19 21:09:09,21.2593966,52.3519576
80113,L36,1,2024-02-19 21:08:55,21.2387046,52.3481358
80114,L43,681,2024-02-19 21:09:09,21.085925,52.3022488
80115,L45,1,2024-02-19 21:09:12,21.084921,52.4183476
80116,L40,2,2024-02-19 18:57:53,21.1756001,52.3107118
80117,L-3,1,2024-02-19 21:09:13,21.0214085,52.0801458
80118,L35,1,2024-02-19 21:09:11,21.3332573,52.3635943
80120,L45,02,2024-02-19 21:09:13,21.1336528,52.3698833
80121,L37,02,2024-02-19 18:30:13,21.2554466,52.3376023
80122,L43,682,2024-02-19 21:09:12,21.1756288,52.3107518
80123,L43,781,2024-02-19 19:08:20,21.1755834,52.3107653
80124,L32,1,2024-02-19 21:08:09,21.046176,52.0812636
80125,L40,1,2024-02-19 21:08:25,21.1209435,52.3421546
8300,172,3,2024-02-19 21:08:52,21.002718,52.195556
8301,136,014,2024-02-19 19:44:32,20.9977478,52.1877331
8302,504,1,2024-02-19 21:09:11,21.0331661,52.149742
8303,166,011,2024-02-19 21:09:08,20.9974966,52.18638
8304,187,3,2024-02-19 21:09:15,21.0690771,52.1814183
8305,174,6,2024-02-19 21:09:10,21.0049256,52.2206413
8306,148,4,2024-02-19 21:09:09,21.04112,52.1704633
8307,317,5,2024-02-19 21:09:10,20.9963983,52.1877426
8308,141,5,2024-02-19 21:09:09,21.1128466,52.2365166
8309,189,12,2024-02-19 21:09:15,20.9159905,52.2260488
8310,174,09,2024-02-19 19:18:14,20.9965866,52.186832
8311,172,1,2024-02-19 20:38:12,20.997536,52.186436
8312,168,3,2024-02-19 20:31:05,20.997781,52.187688
8313,136,6,2024-02-19 21:09:09,20.965271,52.24768
8314,128,704,2024-02-19 13:10:00,20.996285,52.187255
8315,193,07,2024-02-19 21:09:05,20.9952773,52.18795
8316,148,8,2024-02-19 21:09:12,21.0488883,52.1529766
8317,174,371,2024-02-19 21:09:09,20.9999043,52.2313636
8318,143,4,2024-02-19 21:09:09,21.1770524,52.2569801
8319,168,4,2024-02-19 21:09:11,21.030113,52.2078683
8320,504,2,2024-02-19 21:09:12,20.987188,52.2086908
8321,193,08,2024-02-19 21:09:11,20.997049,52.1863733
8322,319,08,2024-02-19 18:58:49,20.996376,52.18762
8323,138,9,2024-02-19 21:09:11,20.996484,52.1878323
8324,168,5,2024-02-19 21:09:12,21.1134623,52.2331581
8325,168,7,2024-02-19 21:09:11,21.046766,52.2067101
8326,217,06,2024-02-19 18:38:17,20.9967396,52.186817
8327,519,3,2024-02-19 21:09:13,20.9972735,52.187695
8328,710,3,2024-02-19 21:09:13,20.992902,52.1870986
8329,162,08,2024-02-19 21:09:11,20.997425,52.1874666
8330,308,02,2024-02-19 19:00:37,20.997966,52.187728
8331,710,5,2024-02-19 21:09:10,21.1303906,52.099661
8332,138,5,2024-02-19 21:09:10,20.9957466,52.1702133
8333,402,1,2024-02-19 21:09:11,21.1532173,52.2393518
8334,162,7,2024-02-19 21:09:09,21.0604915,52.1927731
8335,217,5,2024-02-19 21:09:12,21.0240203,52.1798283
8336,136,018,2024-02-19 19:19:40,20.996749,52.186896
8337,501,6,2024-02-19 21:09:08,21.0025841,52.2276845
8338,165,2,2024-02-19 21:08:56,21.002436,52.158261
8339,709,4,2024-02-19 21:09:08,21.0214233,52.1767008
8340,501,4,2024-02-19 21:09:08,21.0548568,52.1825111
8341,174,4,2024-02-19 12:16:43,20.995971,52.187075
8342,174,1,2024-02-19 19:37:21,20.996473,52.186438
8343,166,261,2024-02-19 21:09:09,21.050954,52.159736
8344,127,5,2024-02-19 21:09:06,20.935553,52.201368
8345,709,011,2024-02-19 18:32:27,20.996578,52.187706
8346,504,4,2024-02-19 21:09:13,21.0026517,52.176835
8347,402,012,2024-02-16 11:10:56,20.997423,52.186876
8348,138,2,2024-02-19 21:09:08,21.020008,52.211978
8349,138,011,2024-02-19 18:30:34,20.996851,52.186941
8350,217,2,2024-02-19 21:09:11,21.0026717,52.1760633
8351,165,4,2024-02-19 21:06:32,20.998014,52.187411
8352,165,260,2024-02-19 21:09:09,20.9921983,52.162405
8353,710,761,2024-02-19 21:09:10,21.0178067,52.1522833
8355,402,9,2024-02-19 21:09:00,21.138745,52.238235
8356,709,6,2024-02-19 21:09:12,21.0215467,52.0799217
8357,174,5,2024-02-19 20:41:25,20.997225,52.186876
8358,138,7,2024-02-19 20:27:47,20.997413,52.186334
8359,504,5,2024-02-19 21:09:06,20.995834,52.187539
8360,501,2,2024-02-19 21:09:08,21.0490683,52.1778133
8361,710,1,2024-02-19 17:59:16,20.996598,52.187628
8362,401,8,2024-02-19 20:51:36,20.996313,52.187736
8363,165,3,2024-02-19 21:09:02,21.0021833,52.158395
8364,727,3,2024-02-19 21:09:07,20.953289,52.043283
8365,143,1,2024-02-19 21:09:11,20.992666,52.216436
8366,E-2,06,2024-02-19 19:23:58,20.997084,52.187856
8367,165,3,2024-02-18 20:07:24,20.996723,52.186041
8368,401,021,2024-02-19 19:39:41,20.996099,52.187321
8369,174,3,2024-02-19 21:09:03,20.9953933,52.1701817
8396,E-2,05,2024-02-19 13:52:21,21.114326,52.234241
8397,502,09,2024-02-19 20:24:43,21.115786,52.233738
8398,525,4,2024-02-19 21:09:06,21.015679,52.219614
8399,502,09,2024-02-19 16:21:54,21.116534,52.233454
8441,518,010,2024-02-19 19:58:26,21.046049,52.264561
8442,120,7,2024-02-19 21:09:13,21.052732,52.340569
8443,527,013,2024-02-19 19:46:19,21.0460866,52.2645342
8444,731,480,2024-02-19 21:09:12,20.9436616,52.3607609
8445,Z26,1,2024-02-19 21:09:01,20.929998,52.224874
8446,509,13,2024-02-19 21:09:12,20.966227,52.318748
8447,190,7,2024-02-19 21:09:13,21.041574,52.257618
8448,190,016,2024-02-19 20:33:53,21.0460562,52.2648772
8449,140,1,2024-02-19 21:09:08,21.111193,52.360924
8450,414,07,2024-02-19 21:09:13,21.046728,52.265171
8451,132,1,2024-02-19 19:11:19,21.047573,52.26453
8452,527,518,2024-02-19 21:09:13,21.057261,52.32415
8453,190,017,2024-02-19 20:28:36,21.048213,52.264305
8454,120,1,2024-02-19 21:09:10,21.04611,52.259525
8455,527,012,2024-02-19 19:45:05,21.0457759,52.2651665
8456,735,63,2024-02-19 17:38:41,21.046667,52.264782
8457,245,1,2024-02-19 21:09:10,21.098774,52.286087
8458,112,7,2024-02-19 21:09:11,21.018063,52.291496
8459,705,66,2024-02-19 21:09:04,21.069724,52.471846
8460,500,2,2024-02-19 21:09:12,20.98369,52.254799
8461,735,62,2024-02-19 21:09:13,21.027283,52.324608
8462,520,5,2024-02-19 20:06:30,21.0469211,52.2648744
8463,500,7,2024-02-19 09:14:29,21.047104,52.264331
8464,N46,3,2024-02-15 11:08:28,21.048418,52.264462
8465,120,010,2024-02-19 20:59:55,21.047903,52.264704
8500,709,5,2024-02-19 21:09:01,21.0226967,52.082105
8501,710,08,2024-02-19 21:09:09,20.997083,52.187703
8502,501,5,2024-02-19 21:09:10,21.01554,52.220081
8503,724,667,2024-02-19 21:08:59,20.996313,52.187559
8504,504,8,2024-02-19 21:09:11,21.06867,52.1289483
8505,136,10,2024-02-19 21:08:56,21.026906,52.161916
8506,141,2,2024-02-19 21:09:01,21.030128,52.200703
8507,519,2,2024-02-19 21:09:10,21.0927617,52.1168033
8508,709,422,2024-02-19 21:09:10,21.0169983,52.067765
8509,710,2,2024-02-19 21:09:08,21.122695,52.0907233
8510,727,2,2024-02-19 20:38:01,20.996241,52.186565
8511,522,4,2024-02-19 21:09:03,21.0802217,52.157565
8512,724,668,2024-02-19 21:09:05,21.034814,52.076451
8513,174,4,2024-02-19 21:08:59,21.0123767,52.174525
8514,519,270,2024-02-19 21:09:11,21.083875,52.1658867
8517,504,010,2024-02-19 18:22:50,20.997039,52.187613
8518,217,1,2024-02-19 21:09:05,21.05411,52.1729967
8519,401,6,2024-02-19 21:09:04,20.8618117,52.19049
8520,522,5,2024-02-19 21:09:05,21.056653,52.172343
8521,522,1,2024-02-19 21:08:58,21.0029533,52.2292383
8522,193,08,2024-02-19 18:59:19,20.996311,52.187741
8523,710,6,2024-02-19 21:08:57,21.06762,52.1294117
8524,401,1,2024-02-19 21:08:47,20.997268,52.18771
8525,174,258,2024-02-19 21:09:10,21.0172867,52.1889183
8526,165,1,2024-02-19 21:08:59,21.0121467,52.1795017
8528,522,7,2024-02-19 21:09:04,21.0194733,52.2120167
8530,166,011,2024-02-19 12:11:44,20.997876,52.185928
8531,709,9,2024-02-19 21:09:02,21.0176967,52.1328383
8532,401,015,2024-02-19 19:49:38,20.997726,52.187618
8533,172,011,2024-02-15 10:06:42,20.997306,52.187236
8535,522,010,2024-02-19 19:31:06,20.996294,52.187806
8536,709,429,2024-02-19 21:09:05,21.023676,52.180076
8537,519,1,2024-02-19 21:08:56,21.0446467,52.1922067
8538,522,6,2024-02-19 21:08:58,20.9955867,52.1875867
8539,522,2,2024-02-19 21:09:02,21.015344,52.218481
8540,319,06,2024-02-19 18:38:04,20.99698,52.187706
8541,710,07,2024-02-19 19:28:14,20.996068,52.186951
8542,501,3,2024-02-19 21:09:02,21.0005367,52.189035
8544,402,5,2024-02-19 19:28:16,20.996356,52.187048
8545,136,12,2024-02-19 21:09:13,21.052763,52.1460325
8547,138,257,2024-02-19 21:09:03,21.0428583,52.249615
8548,162,5,2024-02-19 21:09:10,21.0310083,52.2402283
8549,727,04,2024-02-19 21:09:10,21.023029,52.181519
8550,709,1,2024-02-19 21:09:11,21.0184467,52.1184467
8551,317,5,2024-02-19 21:08:59,20.944009,52.17546
8552,525,1,2024-02-19 21:09:08,20.997734,52.187744
8554,166,6,2024-02-19 21:09:00,21.0343933,52.1563533
8556,174,371,2024-02-19 13:46:53,20.996813,52.185621
8557,166,262,2024-02-19 21:09:04,21.0681467,52.1292667
8558,709,3,2024-02-19 21:09:09,21.017589,52.163179
8559,138,7,2024-02-19 21:09:11,21.0476433,52.24616
8560,143,011,2024-02-19 21:09:05,21.08417,52.243423
8561,402,6,2024-02-19 21:09:07,20.990664,52.180759
8562,507,011,2024-02-19 18:54:21,21.1169817,52.23333
8563,509,7,2024-02-19 21:08:55,21.097204,52.226959
8564,523,3,2024-02-19 21:09:04,20.9567659,52.228473
8565,125,2,2024-02-19 21:09:08,21.1964617,52.2084
8566,523,6,2024-02-19 20:44:18,21.115758,52.23389
8567,521,4,2024-02-19 21:08:52,21.204796,52.159385
8568,521,6,2024-02-19 21:09:08,21.1119283,52.240205
8569,158,211,2024-02-19 21:08:52,21.010314,52.229453
8570,525,319,2024-02-19 21:09:01,21.17675,52.20642
8571,158,1,2024-02-19 15:10:51,21.116106,52.234306
8572,514,3,2024-02-19 21:09:00,21.1861133,52.2466583
8573,199,1,2024-02-19 21:09:13,21.151675,52.2692033
8574,520,3,2024-02-19 21:09:05,21.011115,52.2298167
8575,521,09,2024-02-19 20:49:13,21.11551,52.233918
8576,158,2,2024-02-14 19:09:05,21.114944,52.233486
8577,402,2,2024-02-19 21:09:04,21.0694383,52.203075
8578,143,6,2024-02-19 21:09:12,21.1361816,52.2421619
8579,509,6,2024-02-19 21:09:00,21.102051,52.221919
8580,738,06,2024-02-19 19:25:54,21.047416,52.264665
8582,162,6,2024-02-19 21:08:53,21.052518,52.197301
8583,705,65,2024-02-19 21:08:58,21.02898,52.381819
8584,140,08,2024-02-19 19:01:13,21.046628,52.265104
8585,132,4,2024-02-19 21:09:09,20.976358,52.278721
8586,500,4,2024-02-19 21:09:03,21.0305083,52.267005
8587,245,05,2024-02-19 19:58:08,21.043786,52.266024
8588,738,1,2024-02-19 21:08:54,21.1287583,52.351945
8589,E-2,02,2024-02-19 19:11:54,21.046838,52.264801
8590,500,3,2024-02-19 20:02:00,20.983769,52.255013
8591,190,016,2024-02-19 12:19:53,21.046711,52.264866
8592,509,11,2024-02-19 21:09:02,21.0142867,52.27447
8593,738,2,2024-02-19 21:09:10,21.1959283,52.4035767
8594,735,64,2024-02-19 21:09:08,21.0116683,52.453885
8595,Z26,1,2024-02-19 13:12:31,21.044321,52.265958
8800,148,3,2024-02-19 21:09:07,21.0953776,52.2301925
8801,148,9,2024-02-19 21:09:12,21.046368,52.1905938
8802,136,8,2024-02-19 21:09:10,20.9582205,52.2242421
8804,504,3,2024-02-19 21:09:09,21.0022956,52.2278771
8805,504,9,2024-02-19 20:59:32,20.9980078,52.1877456
8806,141,012,2024-02-19 21:09:08,21.0428206,52.206803
8807,148,6,2024-02-19 21:09:12,20.9781813,52.1698581
8808,138,7,2024-02-19 21:09:10,20.996701,52.1867888
8809,217,4,2024-02-19 21:09:08,21.0499608,52.1737416
8810,187,8,2024-02-19 21:09:12,20.9966655,52.1877641
8812,143,011,2024-02-19 11:35:51,20.997386,52.186145
8813,340,07,2024-02-19 18:31:36,21.0485718,52.2646231
8814,138,8,2024-02-19 21:09:07,21.1005351,52.2606285
8815,148,5,2024-02-19 20:59:31,20.996996,52.18767
8816,187,2,2024-02-19 21:09:04,21.0476136,52.2111441
8817,522,08,2024-02-19 21:09:08,20.9967758,52.187781
8818,136,013,2024-02-19 20:01:35,20.997386,52.186884
8819,401,021,2024-02-19 12:01:50,20.9971356,52.186388
8820,503,7,2024-02-19 21:09:04,21.0446163,52.176018
8821,180,4,2024-02-19 21:09:11,21.0282841,52.2099143
8822,138,4,2024-02-19 21:09:06,20.9955158,52.1702055
8823,187,11,2024-02-19 21:09:08,20.9980978,52.1877153
8824,141,9,2024-02-19 21:09:12,20.9512478,52.182764
8825,308,01,2024-02-19 21:09:04,20.9965246,52.186419
8826,317,4,2024-02-19 21:09:09,20.9935251,52.1765701
8827,704,2,2024-02-19 21:09:06,21.2744261,52.2219175
8828,704,1,2024-02-19 21:09:12,21.1264196,52.2343138
8829,520,1,2024-02-19 21:09:12,21.1339831,52.2403275
8830,523,6,2024-02-19 16:40:37,21.115971,52.233516
8832,502,466,2024-02-19 21:08:56,21.058521,52.227338
8833,502,720,2024-02-19 19:41:37,21.116611,52.233816
8835,143,2,2024-02-19 21:09:07,21.0144866,52.2173141
8836,520,8,2024-02-19 21:09:10,21.1513473,52.2389981
8837,151,04,2024-02-19 20:56:37,21.1163095,52.2336596
8839,141,3,2024-02-19 21:09:12,21.0670593,52.2298513
8841,182,9,2024-02-19 21:08:53,20.970718,52.219499
8842,523,9,2024-02-19 20:37:14,21.1156956,52.2336115
8843,504,7,2024-02-19 21:09:12,21.0057875,52.1715118
8844,402,4,2024-02-19 21:09:05,20.9936608,52.1791103
8845,720,1,2024-02-19 21:08:56,21.1152895,52.2336665
8846,182,4,2024-02-19 21:03:07,21.115635,52.2335621
8848,188,4,2024-02-19 20:35:21,21.1158588,52.2338705
8850,520,6,2024-02-19 21:09:06,21.0140808,52.225757
8851,704,03,2024-02-19 20:38:28,21.117318,52.233318
8852,143,7,2024-02-19 20:08:51,21.1160011,52.233588
8853,411,01,2024-02-19 18:34:51,21.1168533,52.2334621
8854,148,010,2024-02-19 20:31:37,21.117506,52.2333511
8855,525,5,2024-02-19 21:09:08,21.1103685,52.2334898
8856,520,2,2024-02-19 21:09:12,21.0756988,52.2330508
8857,500,5,2024-02-16 09:48:43,21.0455925,52.2652798
8858,512,1,2024-02-19 21:09:09,21.062089,52.2709708
8859,111,6,2024-02-19 21:09:06,21.0133055,52.2424196
8860,738,07,2024-02-19 18:14:28,21.0484208,52.2642851
8861,116,9,2024-02-19 21:09:10,20.9572133,52.2760176
8862,162,5,2024-02-19 06:26:19,21.0473286,52.2642421
8863,340,06,2024-02-19 19:35:48,21.0439016,52.2660846
8864,180,2,2024-02-19 21:09:10,21.0783811,52.1743536
8865,512,5,2024-02-19 21:08:53,21.052151,52.252973
8867,340,05,2024-02-19 19:26:29,21.0466271,52.2650123
8868,140,05,2024-02-19 17:23:41,21.046273,52.264831
8869,111,9,2024-02-19 21:09:12,21.067483,52.2315325
8870,138,6,2024-02-19 21:09:11,21.0464765,52.2643013
8871,340,04,2024-02-19 19:12:34,21.045896,52.2651131
8872,127,8,2024-02-19 21:09:07,21.0326225,52.2353463
8873,140,05,2024-02-19 20:02:06,21.046983,52.264988
8874,140,06,2024-02-19 18:28:33,21.0464636,52.265003
8875,Z26,2,2024-02-19 20:42:21,21.0486295,52.264706
8876,245,2,2024-02-19 21:09:12,21.041657,52.300471
8877,245,4,2024-02-19 21:09:12,21.1151471,52.2780295
8878,138,3,2024-02-19 20:08:06,21.0448111,52.2650018
8879,140,09,2024-02-19 19:16:58,21.0473538,52.2644701
8880,174,08,2024-02-19 18:51:28,20.9969578,52.187766
8881,172,9,2024-02-19 21:09:09,20.9553385,52.2119995
8882,138,012,2024-02-19 21:09:13,20.9974041,52.1869735
8883,172,8,2024-02-19 21:09:03,20.9535868,52.2119118
8884,136,1,2024-02-19 21:09:07,21.0440218,52.1505831
8885,504,011,2024-02-19 21:09:03,20.9963765,52.1876936
8886,517,9,2024-02-19 21:08:56,20.867298,52.195533
8889,504,012,2024-02-19 19:14:58,20.9962186,52.1863786
8890,143,09,2024-02-19 21:00:50,20.9951825,52.1876125
8891,522,09,2024-02-19 21:09:05,20.9967145,52.1877668
8892,136,017,2024-02-19 17:59:59,20.9967305,52.1875798
8893,148,2,2024-02-19 21:09:08,21.0874188,52.2447873
8894,138,010,2024-02-19 20:31:55,20.9962156,52.1862673
8895,141,8,2024-02-19 21:09:09,21.0186796,52.1966113
8896,148,1,2024-02-19 21:09:10,21.0978243,52.2350111
8897,136,016,2024-02-19 21:09:08,20.9973241,52.1875185
8898,317,1,2024-02-19 21:09:06,20.9434375,52.1756408
8899,136,3,2024-02-19 21:09:12,21.0046495,52.1717571
9061,104,1,2024-02-19 21:08:45,21.031389,52.327473
9062,211,011,2024-02-19 21:09:12,20.995642,52.297142
9063,211,2,2024-02-19 21:09:09,20.930338,52.352596
9064,104,2,2024-02-19 21:09:10,21.037765,52.315277
9065,211,010,2024-02-16 22:01:49,21.015053,52.318092
9066,211,08,2024-02-19 19:24:30,21.015083,52.318542
9067,211,08,2024-02-16 20:10:19,21.01512,52.318024
9068,332,1,2024-02-19 20:52:28,21.0160929,52.318599
9069,314,2,2024-02-19 21:05:44,21.015491,52.318684
9070,133,1,2024-02-19 21:09:12,20.952532,52.317116
9071,161,1,2024-02-19 21:09:12,21.206026,52.182957
9072,161,2,2024-02-19 21:09:09,21.174337,52.177223
9073,211,461,2024-02-19 21:08:31,20.956854,52.331642
9074,262,03,2024-02-19 20:41:41,21.0161039,52.3184784
9075,211,1,2024-02-19 20:25:19,21.015097,52.318089
9076,211,3,2024-02-19 21:08:55,20.945915,52.332165
9077,211,2,2024-02-19 18:31:13,21.015345,52.317978
9078,211,09,2024-02-19 21:09:13,21.0162006,52.3185704
9079,211,3,2024-02-19 09:14:37,21.015997,52.318523
9080,211,010,2024-02-12 21:33:30,20.947149,52.332153
9081,104,03,2024-02-19 19:46:41,21.015158,52.317986
9082,314,1,2024-02-19 20:51:28,21.015028,52.318123
9083,262,1,2024-02-19 21:09:11,21.0152,52.318691
9084,262,2,2024-02-19 21:09:03,21.087833,52.286556
9085,314,454,2024-02-19 20:53:54,21.01577,52.318623
9086,900,1,2024-02-19 21:09:06,20.95359,52.358841
9087,104,2,2024-02-15 13:13:03,21.016108,52.318542
9088,211,010,2024-02-19 21:08:47,21.016203,52.318493
9089,161,03,2024-02-19 21:08:59,21.060047,52.223358
9090,900,1,2024-02-19 21:09:11,21.015566,52.318569
9092,211,012,2024-02-19 20:40:40,21.015135,52.318581
9093,314,4,2024-02-19 21:09:13,21.015369,52.318539
9094,900,1,2024-02-19 19:32:14,21.015079,52.317924
9201,209,574,2024-02-19 21:09:12,20.981089,52.132846
9202,201,2,2024-02-19 21:09:08,20.946474,52.24687
9203,209,574,2024-02-19 21:09:10,20.8830841,52.2066068
9204,264,1,2024-02-19 21:09:07,21.1469333,52.1306332
9205,201,4,2024-02-19 21:09:13,20.925138,52.260631
9206,239,775,2024-02-19 21:08:37,21.0234069,52.1559563
9207,201,05,2024-02-19 21:09:09,20.8822413,52.207993
9208,164,1,2024-02-19 21:09:13,21.133059,52.15103
9210,164,3,2024-02-19 21:09:09,21.121866,52.157058
9211,201,3,2024-02-19 21:09:13,20.9250581,52.2609912
9212,305,1,2024-02-19 21:08:08,20.9395455,52.2036084
9214,164,2,2024-02-19 21:09:12,21.085235,52.193269
9215,239,572,2024-02-19 21:09:10,21.037109,52.154054
9219,211,6,2024-02-19 21:09:11,20.944343,52.352051
9220,133,348,2024-02-19 21:09:13,20.9823078,52.3555816
9226,201,1,2024-02-19 21:09:07,20.9445638,52.2651219
9227,815,775,2024-02-19 21:09:08,20.8822206,52.2080298
9228,209,573,2024-02-19 21:09:10,21.0387228,52.1537593
9229,349,1,2024-02-19 21:09:12,20.8823183,52.208017
9231,211,5,2024-02-19 21:09:10,21.001014,52.291542
9232,209,571,2024-02-19 21:09:11,20.9919866,52.1271794
9242,203,472,2024-02-19 21:09:09,20.912635,52.272915
9245,Z12,1,2024-02-19 21:09:07,20.928094,52.290954
9251,203,1,2024-02-19 21:08:42,20.928469,52.291108
9252,133,2,2024-02-19 21:09:13,20.9522034,52.3167833
9253,211,460,2024-02-19 21:09:10,20.978151,52.302459
9301,147,09,2024-02-19 21:09:05,21.04866,52.237705
9302,739,6,2024-02-19 08:11:34,21.07716,52.268208
9303,256,03,2024-02-19 21:09:09,21.077192,52.268982
9304,739,1,2024-02-19 21:09:11,21.045168,52.180519
9305,142,4,2024-02-19 21:09:12,21.174959,52.172626
9311,135,1,2024-02-19 21:09:11,21.107119,52.248352
9312,179,7,2024-02-19 21:09:06,21.031631,52.16209
9313,102,583,2024-02-19 04:22:13,21.077116,52.268284
9314,356,01,2024-02-19 21:09:08,21.078037,52.26857
9315,135,6,2024-02-19 05:41:47,21.0918431,52.2311365
9316,142,469,2024-02-19 21:09:10,21.173326,52.172482
9317,135,4,2024-02-19 21:09:13,21.0271695,52.2595737
9318,147,08,2024-02-19 21:09:08,21.19632,52.247993
9319,135,5,2024-02-19 09:18:12,21.0506,52.2473729
9320,196,1,2024-02-19 21:09:12,21.169676,52.264343
9321,356,02,2024-02-19 21:09:12,21.078028,52.2686
9322,196,2,2024-02-19 21:09:08,21.17627,52.256805
9323,135,08,2024-02-19 21:09:08,21.077917,52.268669
9324,135,07,2024-02-19 21:09:12,21.07789,52.268723
9325,147,06,2024-02-19 21:09:13,21.077478,52.267696
9326,147,010,2024-02-19 21:09:12,21.077688,52.267784
9327,179,3,2024-02-19 21:09:07,21.044855,52.149284
9328,179,4,2024-02-19 11:43:44,21.0586612,52.1503177
9329,356,03,2024-02-19 16:51:29,21.0842777,52.2743584
9330,179,2,2024-02-19 21:09:11,21.054445,52.139042
9331,739,6,2024-02-19 21:09:11,21.018068,52.117287
9332,739,1,2024-02-19 21:09:10,21.024279,52.179909
9333,179,52,2024-02-19 01:16:00,21.077391,52.268463
9334,739,2,2024-02-19 21:09:06,21.023899,52.179981
9335,739,2,2024-02-19 21:09:07,21.01804,52.134743
9336,356,01,2024-02-19 09:38:02,21.077864,52.267868
9337,256,2,2024-02-19 21:09:11,21.065407,52.327965
9338,179,11,2024-02-19 21:09:12,21.068474,52.12886
9339,179,9,2024-02-19 21:09:13,21.029898,52.142178
9340,198,3,2024-02-19 21:09:12,21.222561,52.217926
9341,179,51,2024-02-19 21:09:09,21.067829,52.129814
9342,256,1,2024-02-19 21:09:11,21.062683,52.310566
9343,147,07,2024-02-19 21:09:13,21.07794,52.26862
9344,202,584,2024-02-19 09:50:24,21.077549,52.268528
9345,135,2,2024-02-19 21:09:10,21.08482,52.233971
9346,727,426,2024-02-19 21:09:06,21.017508,52.145954
9347,142,5,2024-02-19 21:09:10,21.088211,52.244686
9348,179,5,2024-02-19 21:09:12,21.021114,52.158669
9349,179,3,2024-02-19 02:19:05,21.077,52.268349
9350,179,4,2024-02-18 11:41:56,21.0639215,52.1417339
9351,142,1,2024-02-19 21:09:12,21.094028,52.244183
9352,179,6,2024-02-19 21:09:13,21.036896,52.162075
9353,198,04,2024-02-19 19:14:08,21.077305,52.268623
9354,179,10,2024-02-19 21:09:11,21.066092,52.142345
9355,135,3,2024-02-19 21:09:13,21.035374,52.251949
9356,198,2,2024-02-19 21:09:09,21.223061,52.223438
9357,739,4,2024-02-19 21:09:12,21.039675,52.080513
9358,739,3,2024-02-19 21:09:12,21.050016,52.089973
9359,142,3,2024-02-19 21:09:13,21.24246,52.169945
9402,326,06,2024-02-19 19:33:51,21.015209,52.3186
9403,152,1,2024-02-19 21:09:02,20.990112,52.336987
9404,326,07,2024-02-19 20:41:09,21.015522,52.319027
9405,516,4,2024-02-19 21:08:43,20.942087,52.334038
9411,103,4,2024-02-19 21:09:03,20.955444,52.284065
9412,152,5,2024-02-19 20:07:24,21.015657,52.319099
9413,103,5,2024-02-19 21:09:13,20.926872,52.29026
9414,103,010,2024-02-19 21:06:45,21.015306,52.318451
9415,743,04,2024-02-19 20:19:21,21.01564,52.319077
9416,103,3,2024-02-19 21:08:43,20.968939,52.256065
9417,157,10,2024-02-19 21:09:10,20.992584,52.231655
9418,326,1,2024-02-19 21:09:13,21.040508,52.30188
9419,157,4,2024-02-19 21:09:10,20.99758,52.253803
9420,516,1,2024-02-19 21:09:11,21.000969,52.291187
9421,157,7,2024-02-19 20:54:36,21.015715,52.318558
9422,152,2,2024-02-19 20:42:51,21.01553,52.318565
9423,157,9,2024-02-19 21:08:55,21.015411,52.319046
9424,152,1,2024-02-18 21:42:18,21.016108,52.318703
9425,157,5,2024-02-19 21:09:12,20.976374,52.289883
9426,157,430,2024-02-19 21:08:48,20.963921,52.20797
9427,152,4,2024-02-19 19:16:32,21.015291,52.318474
9428,103,1,2024-02-19 21:09:12,20.967571,52.244602
9429,176,04,2024-02-19 20:52:58,21.015514,52.319042
9430,516,2,2024-02-19 21:09:13,20.983683,52.307491
9431,152,3,2024-02-19 21:09:10,20.952318,52.316982
9432,176,1,2024-02-19 21:09:09,20.980659,52.35141
9433,234,1,2024-02-19 21:09:02,21.02997,52.313053
9434,326,2,2024-02-19 20:46:32,21.015606,52.318584
9435,103,7,2024-02-19 21:09:07,20.94495,52.271713
9436,103,09,2024-02-19 19:12:05,21.015175,52.318436
9437,516,3,2024-02-19 21:09:03,20.936459,52.32814
9438,326,3,2024-02-19 21:09:10,21.015448,52.3186
9439,157,3,2024-02-19 21:08:53,20.989561,52.236549
9440,326,4,2024-02-19 21:08:36,21.054367,52.349628
9441,176,03,2024-02-19 21:09:08,21.01524,52.318638
9442,516,5,2024-02-19 21:08:30,20.963814,52.322971
9443,152,06,2024-02-19 21:09:08,21.015451,52.319054
9444,103,2,2024-02-19 21:09:09,20.969238,52.224724
9445,234,3,2024-02-19 21:09:03,21.066782,52.339012
9446,152,4,2024-02-19 21:09:11,21.056772,52.324245
9447,103,6,2024-02-19 21:09:02,20.928806,52.292812
9448,326,5,2024-02-19 21:09:12,21.030264,52.293594
9449,157,011,2024-02-19 21:09:08,21.014917,52.31805
9450,157,1,2024-02-19 21:09:08,21.00004,52.289337
9451,234,3,2024-02-19 16:30:54,21.015249,52.318485
9452,157,8,2024-02-19 21:09:03,20.98546,52.270164
9453,103,08,2024-02-19 19:21:52,21.015356,52.318508
9454,103,6,2024-02-19 01:23:03,21.015598,52.318527
9455,157,6,2024-02-19 21:09:08,20.9765,52.289818
9456,176,2,2024-02-19 21:08:45,21.009209,52.303608
9457,234,2,2024-02-19 21:08:59,21.059435,52.316708
9458,256,2,2024-02-19 21:09:13,21.0603627,52.3150929
9459,104,04,2024-02-19 21:09:12,21.014465,52.317913
946,117,5,2024-02-19 21:09:05,21.055389,52.232318
9501,102,09,2024-02-19 21:09:09,20.882328,52.207791333
9502,715,53,2024-02-19 21:09:09,20.9427795,52.1752535
9503,311,05,2024-02-19 19:02:52,20.883425333,52.206661333
9505,220,1,2024-02-19 21:09:10,20.897069667,52.223735333
9506,194,06,2024-02-19 21:09:12,20.883072833,52.2065005
9507,715,56,2024-02-19 21:09:10,21.025216667,52.144348167
9508,707,02,2024-02-19 21:09:11,20.9189015,52.1715755
9509,715,02,2024-02-19 21:09:10,20.944768667,52.1760135
9510,311,06,2024-02-19 20:46:45,20.883747333,52.206716
9511,149,1,2024-02-19 21:09:10,20.893570833,52.249852833
9512,737,54,2024-02-19 21:09:10,20.958869833,52.0835665
9513,220,2,2024-02-19 21:09:08,20.919858167,52.2571565
9514,121,3,2024-02-19 21:09:13,20.9739885,52.2724775
9515,149,662,2024-02-19 21:09:09,20.901244,52.239389
9516,220,4,2024-02-19 21:09:09,20.906148,52.2549195
9517,737,057,2024-02-19 21:06:36,20.882387667,52.20775
9518,121,04,2024-02-19 18:58:03,20.883549333,52.206745
9519,121,1,2024-02-19 21:09:12,20.925177,52.2724975
9520,194,65,2024-02-19 21:09:08,20.896185667,52.200506833
9522,159,4,2024-02-19 21:09:11,20.994154167,52.226195
9523,159,8,2024-02-19 21:09:10,20.883883833,52.206339333
9524,743,3,2024-02-19 21:09:11,20.867005167,52.229221
9525,194,2,2024-02-19 21:09:13,20.930553167,52.225027167
9526,220,07,2024-02-19 21:09:09,20.882398333,52.207758167
9527,743,2,2024-02-19 21:09:09,20.730547833,52.233541667
9528,185,09,2024-02-16 07:24:35,20.883197833,52.206670167
9529,707,1,2024-02-19 21:09:13,20.882339167,52.2077095
9530,159,5,2024-02-19 15:16:01,20.883378167,52.206861167
9531,707,02,2024-02-19 18:54:28,20.883602333,52.2067855
9532,159,3,2024-02-19 21:09:12,21.0433625,52.221591333
9533,220,5,2024-02-19 21:09:11,20.882719,52.207241333
9534,311,04,2024-02-19 21:09:13,20.883846,52.2063675
9535,194,07,2024-02-19 21:05:04,20.882330167,52.207773333
9536,159,1,2024-02-19 21:09:11,20.954606167,52.211988167
9537,220,3,2024-02-19 21:09:12,20.924935167,52.260744
9538,999,541,2024-02-19 21:09:08,20.8820895,52.207418167
9539,715,058,2024-02-19 21:09:10,20.883288667,52.206258167
9540,737,52,2024-02-19 21:09:13,20.966627667,52.0724175
9541,194,4,2024-02-16 04:42:32,20.883504,52.206810333
9542,159,2,2024-02-19 21:09:05,20.883838333,52.206454333
9543,712,1,2024-02-19 21:09:09,20.861469,52.274909833
9545,713,63,2024-02-19 21:09:13,20.8495355,52.215350833
9547,194,06,2024-02-19 21:09:08,20.882423833,52.2076845
9548,220,6,2024-02-19 21:09:10,20.915086333,52.177604167
9549,220,09,2024-02-19 21:09:09,20.8821435,52.207257167
9550,311,06,2024-02-19 21:09:12,21.102773167,52.222327833
9551,220,08,2024-02-19 21:09:12,20.883369833,52.206131
9552,159,7,2024-02-19 21:09:13,20.960628667,52.215898667
9553,194,1,2024-02-19 21:09:12,20.872922167,52.201924167
9554,121,2,2024-02-19 21:09:10,20.968023333,52.271964333
9555,159,4,2024-02-19 21:00:16,20.882452,52.207778333
9556,715,55,2024-02-19 21:09:04,21.018652667,52.143438167
9557,712,02,2024-02-19 20:26:34,20.883680833,52.20666
9558,194,4,2024-02-19 21:09:08,20.917039,52.2204435
9559,149,663,2024-02-19 21:09:13,20.918033833,52.2373955
9560,159,5,2024-02-19 21:09:09,21.0235735,52.223888833
9561,159,6,2024-02-19 21:09:11,21.069185333,52.202162833
9671,212,2,2024-02-19 21:09:07,21.05695,52.301964
9672,212,1,2024-02-19 21:09:12,21.054991,52.274937
9675,736,1,2024-02-19 21:09:11,20.923031,52.398125
9678,204,1,2024-02-19 21:09:12,21.068291,52.323727
9679,212,4,2024-02-19 21:09:11,21.066324,52.277214
9685,110,72,2024-02-19 21:09:10,20.889822,52.320164
9686,212,3,2024-02-19 21:09:11,21.015066,52.318455
9687,226,2,2024-02-19 19:55:38,21.013634,52.318501
9689,226,1,2024-02-19 21:09:13,21.0518215,52.3062192
9690,226,04,2024-02-19 20:31:33,21.014624,52.318455
9693,204,2,2024-02-19 21:09:12,21.031054,52.293541
9694,212,5,2024-02-19 21:09:08,21.027012,52.259712
9696,226,2,2024-02-19 21:09:12,21.030544,52.293613
9697,110,71,2024-02-19 21:09:09,20.946724,52.27705
9698,226,3,2024-02-19 21:09:10,21.048717,52.340237
9699,102,542,2024-02-19 18:06:02,21.0136039,52.3184522
9801,167,013,2024-02-19 21:09:11,20.896431,52.239472
9802,131,10,2024-02-19 21:09:08,20.88343,52.20624
9803,185,1,2024-02-19 21:09:11,20.971795,52.28322
9804,167,12,2024-02-19 21:09:08,21.047852,52.206955
9805,131,11,2024-02-19 21:09:12,21.04236,52.20662
9806,131,014,2024-02-19 21:09:12,20.9695664,52.219407
9807,131,015,2024-02-19 21:09:12,20.883324,52.20618
9808,167,016,2024-02-19 21:08:18,20.933342,52.24021
9809,131,016,2024-02-16 15:08:03,20.85963,52.11625
9810,185,013,2024-02-19 16:25:09,20.882561,52.20678
9811,131,12,2024-02-19 21:09:13,21.035203,52.206955
9812,185,3,2024-02-19 21:09:13,20.975701,52.28969
9813,185,2,2024-02-19 21:09:07,20.88289,52.20644
9814,131,6,2024-02-19 21:09:13,21.063347,52.18706
9815,185,013,2024-02-19 21:09:13,20.8830338,52.20609
9816,167,1,2024-02-19 21:09:11,20.981675,52.21628
9817,167,2,2024-02-19 21:09:10,20.942536,52.227891
9818,167,3,2024-02-19 21:09:10,20.898545,52.258469
9819,167,4,2024-02-19 21:09:13,20.882821,52.20699
9820,167,5,2024-02-19 21:09:13,20.898263,52.25823
9821,167,601,2024-02-19 21:09:11,21.056122,52.213273
9822,185,5,2024-02-19 21:09:08,20.882515,52.20734
9823,185,9,2024-02-19 21:09:10,21.038582,52.14086
9824,185,4,2024-02-19 21:09:07,21.042786,52.22739
9825,131,1,2024-02-19 21:09:10,21.0593491,52.190873
9826,167,017,2024-02-19 21:09:13,20.882691,52.2072
9827,167,014,2024-02-19 21:09:09,20.8826,52.2074
9828,185,11,2024-02-19 21:09:11,21.059136,52.183945
9829,167,8,2024-02-19 21:09:11,21.019692,52.20963
9830,817,03,2024-02-19 21:09:11,20.88268,52.20749
9831,185,12,2024-02-19 21:09:12,21.04208,52.2282
9832,185,6,2024-02-19 21:09:13,21.053811,52.18038
9833,167,9,2024-02-19 21:09:08,21.06426,52.21225
9834,185,014,2024-02-19 21:09:13,20.88244,52.20736
9835,131,2,2024-02-19 21:09:13,20.882523,52.207642
9836,N42,2,2024-02-19 21:09:13,20.88289,52.207291
9837,167,6,2024-02-19 21:09:08,20.882866,52.20635
9838,185,7,2024-02-19 21:09:12,21.032372,52.14177
9839,167,10,2024-02-19 21:09:11,20.882752,52.20652
9840,131,7,2024-02-19 21:08:07,21.083985,52.16817
9841,131,4,2024-02-19 21:09:12,21.068963,52.18137
9842,185,432,2024-02-19 21:09:11,20.8824971,52.2077153
9843,817,04,2024-02-19 21:09:12,20.88271,52.20757
9844,131,3,2024-02-19 21:09:12,20.88277,52.2074
9845,131,13,2024-02-19 21:09:10,21.015,52.224625
9846,185,8,2024-02-19 21:09:10,21.02199,52.14258
9847,131,5,2024-02-19 21:09:13,20.8821,52.20746
9848,817,02,2024-02-19 21:09:13,20.88254,52.2075959
9849,131,8,2024-02-19 21:09:09,21.00395,52.22959
9850,999,09,2024-02-19 21:09:09,20.882782,52.207337
9851,167,7,2024-02-19 21:09:13,20.96081,52.21703
9852,817,01,2024-02-19 21:09:10,20.882653,52.20762
9853,131,9,2024-02-19 21:09:00,21.01557,52.22129
9854,185,015,2024-02-19 21:09:08,20.88244,52.207718
9901,112,012,2024-02-19 21:09:03,20.874342,52.278545
9902,186,4,2024-02-19 21:08:56,20.873758,52.279419
9903,112,013,2024-02-19 21:08:52,20.874582,52.279324
9904,114,3,2024-02-19 21:09:09,20.993494,52.286678
9905,114,1,2024-02-19 21:09:10,20.916922,52.312809
9906,210,6,2024-02-19 21:08:59,20.840061,52.291382
9907,114,8,2024-02-19 21:09:01,20.873959,52.279392
9908,511,05,2024-02-19 21:09:03,20.874649,52.278358
9909,186,3,2024-02-19 21:09:13,20.974667,52.204838
9910,210,2,2024-02-19 21:08:56,20.928316,52.291061
9911,193,1,2024-02-19 19:46:54,20.873814,52.279381
9912,114,7,2024-02-19 21:09:10,20.9231,52.275242
9913,114,5,2024-02-19 21:09:11,21.041834,52.300247
9914,114,011,2024-02-19 21:09:09,21.021837,52.286297
9915,186,6,2024-02-19 21:09:11,20.875437,52.278515
9916,112,016,2024-02-19 21:09:08,20.881601,52.214722
9917,114,21,2024-02-19 21:09:06,20.874237,52.279037
9918,193,2,2024-02-19 21:09:13,20.996452,52.169849
9919,114,2,2024-02-19 21:09:08,20.939083,52.275021
9920,210,5,2024-02-19 21:09:09,20.767391,52.307785
9921,114,010,2024-02-19 21:09:09,20.934917,52.29813
9922,186,1,2024-02-19 21:09:00,20.982447,52.309082
9923,186,2,2024-02-19 21:09:09,20.954735,52.252758
9925,186,495,2024-02-19 21:09:00,20.977974,52.20686
9926,210,3,2024-02-19 21:08:58,20.923698,52.281319
9927,193,4,2024-02-19 21:09:11,21.036985,52.161926
9928,719,09,2024-02-19 21:08:39,20.87521,52.278793
9929,114,9,2024-02-19 21:08:55,20.924545,52.311138
9930,719,07,2024-02-19 21:08:48,20.874561,52.279316
9932,186,4,2024-02-19 21:09:11,20.873672,52.279381
9933,114,4,2024-02-19 21:09:08,21.042248,52.296055
9934,186,8,2024-02-19 21:09:01,20.875134,52.278934
9935,719,08,2024-02-19 21:08:59,20.873962,52.279419
9936,114,M22,2024-02-19 21:09:02,20.875183,52.279221
9937,193,1,2024-02-19 21:09:12,21.020267,52.173168
9938,719,06,2024-02-19 21:09:13,20.874027,52.279377
9940,112,014,2024-02-19 21:09:10,20.87389,52.279369
9941,210,1,2024-02-19 21:09:10,20.927286,52.283867
9942,511,05,2024-02-09 13:24:36,20.873585,52.279407
9943,719,08,2024-02-19 20:59:08,20.875265,52.279175
9944,114,010,2024-02-19 21:09:09,20.87435,52.279362
9945,210,4,2024-02-19 21:08:55,20.816622,52.292336
9946,193,5,2024-02-19 21:09:11,21.036535,52.163013
9947,114,M23,2024-02-19 21:09:11,20.875097,52.279243
9948,190,4,2024-02-11 11:59:54,20.953073,52.238144
9949,186,9,2024-02-19 21:09:10,20.874334,52.279362
9950,186,4,2024-02-19 21:09:11,20.963812,52.207798
9951,186,10,2024-02-19 21:08:44,20.957701,52.242615
9952,186,11,2024-02-19 21:09:11,20.94224,52.334167
9953,193,3,2024-02-19 21:08:44,21.051353,52.159229
9954,186,12,2024-02-19 21:09:13,20.940992,52.328869
9955,114,6,2024-02-19 21:08:54,20.987396,52.269009
